34928	35048	35167	35286	35405	35524	35644	35763	35882	36001	36120	36240	36359	36478	36597	36716	36836	36955	37074	37193	37313	37432	37551	37670	37789	37909	38028	38147	38266	38385	38505	38624	38743	38862	38981	39101	39220	39339	39458	39577	39697	39816	39935	40054	40174	40293	40412	40531	40650	40770	40889	41008	41127	41246	41366	41485	41604	41723	41842	41962	42081	42200	42319	42439	42558	42677	42796	42915	43035	43154	43273	43392	43511	43631	43750	43869	43988	44107	44227	44346	44465	44584	44703	44823	44942
64	170	1	2	119	0	1953125	12	0.0	0	0.86	0	0	V0.2	0	0	46	69	41	67	59	53	72	53	71	67	68	76	71	80	77	87	81	92	92	89	109	90	112	109	99	132	101	129	132	108	152	117	138	166	129	194	199	205	289	269	344	396	408	509	515	588	639	657	747	750	838	889	890	1000	970	959	887	742	647	485	404	319	242	238	187	180	197	160	184	179	156	181	152	153	159	131	147	132	120	127	105	108	102	88	93
64	170	1	2	119	0	1953125	12	0.0	0	0.87	0	0	V0.2	0	0	46	54	67	43	71	56	61	71	57	75	66	73	77	76	82	79	91	82	96	93	94	112	89	119	109	104	135	99	134	130	109	153	119	147	171	145	214	218	241	312	304	392	430	452	549	550	623	677	685	778	798	869	904	938	1000	909	883	740	602	518	360	324	260	194	212	174	168	190	155	174	171	148	167	144	141	148	124	133	123	108	116	97	96	94	80
64	170	1	2	119	0	1953125	12	0.0	0	0.86	0	0	V0.2	0	0	44	57	64	43	71	54	63	69	58	75	65	73	76	76	81	79	90	81	97	91	95	109	89	119	105	106	132	98	136	125	114	151	116	152	166	146	214	210	246	308	303	394	425	458	549	550	627	672	693	781	800	880	905	946	999	910	890	744	615	522	367	329	256	200	213	174	173	189	155	178	170	151	169	144	146	148	125	137	123	112	117	98	99	94	81
64	170	1	2	119	0	1953125	12	0.0	0	0.87	0	0	V0.2	0	0	40	67	60	53	74	51	71	66	63	77	65	78	76	81	82	84	90	85	101	89	105	107	96	124	98	121	126	104	144	114	130	148	112	166	153	158	221	199	264	302	306	408	414	480	548	556	648	666	717	783	807	900	896	967	999	922	905	739	635	513	373	337	245	213	211	163	184	180	155	184	159	158	168	138	154	141	127	138	116	116	112	96	101	90	83
64	170	1	2	119	0	1953125	12	0.0	0	0.87	0	0	V0.2	0	0	77	40	65	71	38	95	18	96	66	67	106	21	118	59	93	109	46	128	58	112	106	80	129	78	127	104	119	126	110	148	105	160	132	149	195	132	247	215	251	345	266	444	400	474	575	502	691	613	727	778	758	934	823	1000	941	916	891	694	670	450	423	316	242	262	169	214	190	170	210	148	202	160	166	183	120	186	115	153	145	95	157	69	134	100	84
64	170	1	2	119	0	1953125	12	0.0	0	0.87	0	0	V0.2	0	0	55	68	43	72	56	62	73	56	76	67	73	78	76	84	81	90	83	97	92	95	109	91	118	105	108	130	100	137	123	116	152	111	148	160	133	199	187	214	282	266	351	386	419	506	511	599	627	667	747	750	851	887	904	1000	973	971	885	763	649	493	415	314	255	239	181	188	190	159	186	169	160	178	146	157	153	131	148	124	122	124	101	109	96	88	89
64	170	1	2	119	0	1953125	12	0.0	0	0.86	0	0	V0.2	0	0	53	68	41	69	56	58	72	54	73	65	70	75	72	82	78	87	81	93	90	92	109	90	115	104	104	130	98	134	125	113	151	111	144	160	131	198	189	211	283	263	348	385	412	505	508	593	627	660	742	743	845	881	896	1000	969	966	883	755	646	488	410	313	250	238	183	187	191	159	187	173	160	179	148	157	155	132	148	127	122	126	103	110	98	89	92
64	170	1	2	119	0	1953125	12	0.0	0	0.87	0	0	V0.2	0	0	39	71	52	60	71	50	75	62	69	76	66	80	74	82	81	87	89	89	101	87	110	99	104	123	96	130	118	113	146	107	143	140	119	175	142	175	220	195	283	291	323	416	407	498	540	567	656	661	739	779	823	910	895	999	1000	944	915	738	652	504	388	341	241	229	208	166	197	173	167	189	155	171	164	142	160	137	136	139	114	124	110	100	104	87	88
64	170	1	2	119	0	1953125	12	0.0	0	0.86	0	0	V0.2	0	0	46	54	66	41	70	55	61	71	55	75	66	73	76	76	82	78	90	82	96	93	94	113	88	118	108	103	135	98	133	131	109	154	120	147	173	146	216	219	243	315	306	393	431	454	553	554	627	681	687	784	801	872	907	939	1000	907	882	741	603	518	359	322	259	193	211	175	167	192	155	175	174	148	168	146	142	150	125	134	124	109	117	98	97	95	81
64	170	1	2	119	0	1953125	12	0.0	0	0.87	0	0	V0.2	0	0	48	56	68	45	72	57	62	72	58	76	68	75	77	77	84	81	92	84	98	93	95	113	91	120	110	106	135	100	134	131	112	152	121	148	171	146	213	216	240	311	303	389	429	452	548	551	621	677	687	779	800	873	907	940	1000	912	886	747	607	521	365	324	261	196	211	175	167	189	155	173	171	146	166	144	140	147	123	132	122	108	114	97	94	92	78
64	170	1	2	119	0	1953125	12	0.0	0	0.86	0	0	V0.2	0	0	53	63	40	69	51	59	69	53	72	62	70	73	71	79	78	85	80	94	87	92	107	90	115	101	108	127	97	135	120	117	150	109	150	156	135	200	186	220	280	267	354	382	423	505	511	602	625	669	746	746	853	881	907	1000	972	970	875	761	642	490	414	310	256	236	181	194	190	163	192	172	165	181	149	164	154	137	152	128	127	127	107	113	98	93	94
64	170	1	2	119	0	1953125	12	0.0	0	0.87	0	0	V0.2	0	0	45	58	66	45	73	55	64	71	59	77	67	75	77	79	83	81	92	83	98	92	97	112	90	120	106	107	134	98	136	126	113	152	115	151	166	146	214	210	244	308	302	390	423	453	550	548	626	673	690	779	799	877	904	944	1000	911	891	744	614	522	365	329	257	198	211	171	171	187	153	175	168	148	167	142	143	147	123	134	120	108	115	96	97	91	79
64	170	1	2	119	0	1953125	12	0.0	0	0.86	0	0	V0.2	0	0	41	59	63	45	71	52	65	68	59	75	64	74	74	77	81	81	89	82	98	90	98	108	90	120	102	111	129	98	138	121	117	150	113	157	163	149	217	206	251	308	303	399	418	461	547	550	633	668	697	779	798	884	899	949	1000	911	892	737	617	517	366	332	254	203	213	169	177	187	155	182	167	154	170	142	149	147	126	138	121	113	116	97	100	92	82
64	170	1	2	119	0	1953125	12	0.0	0	0.87	0	0	V0.2	0	0	47	55	67	44	72	56	62	71	57	76	67	74	77	75	84	80	91	82	98	94	94	112	90	119	109	104	134	99	133	129	111	153	118	148	170	146	212	213	240	309	302	388	428	455	548	550	621	674	689	779	801	875	906	942	1000	912	886	748	611	524	367	325	260	198	212	175	169	189	155	172	171	147	168	144	141	148	123	133	122	109	115	96	96	93	81
64	170	1	2	119	0	1953125	12	0.0	0	0.86	0	0	V0.2	0	0	53	48	70	42	68	60	56	73	57	74	68	71	77	74	82	77	90	82	93	96	89	113	90	114	114	97	136	104	126	138	104	151	128	138	177	148	207	228	234	314	314	381	443	447	552	562	614	690	684	780	810	862	915	935	1000	917	877	753	597	521	365	315	267	192	207	184	160	191	161	168	179	147	166	152	138	152	128	132	129	108	116	101	95	97	81
64	170	1	2	119	0	1953125	12	0.0	0	0.87	0	0	V0.2	0	0	53	51	72	44	71	62	59	75	57	76	70	73	79	76	85	80	93	84	97	97	91	117	91	116	116	99	140	103	129	140	105	154	129	139	180	147	210	229	235	317	314	384	442	447	555	560	616	690	683	781	809	862	914	935	1000	913	876	750	594	521	362	315	267	190	207	182	160	192	158	166	177	144	164	149	135	150	125	129	126	104	114	98	92	95	79
64	170	1	2	119	0	1953125	12	0.0	0	0.86	0	0	V0.2	0	0	40	66	41	60	59	49	70	53	67	67	64	74	69	78	76	84	81	90	93	87	109	92	111	113	101	134	107	131	139	115	160	130	146	178	143	206	210	220	299	281	354	404	421	516	522	597	643	664	750	754	843	893	894	1000	970	957	887	746	651	490	410	328	255	250	202	195	210	175	197	190	169	191	162	165	167	140	155	137	128	133	110	115	106	95	99
64	170	1	2	119	0	1953125	12	0.0	0	0.87	0	0	V0.2	0	0	52	52	70	45	69	61	59	74	58	75	69	73	78	77	83	81	91	84	95	97	91	114	92	115	115	99	135	103	126	135	106	150	126	138	174	147	204	223	232	309	309	378	436	445	544	557	612	683	685	777	808	864	915	937	1000	918	877	755	602	524	371	319	268	195	207	182	162	188	160	167	175	146	163	149	137	148	126	129	125	106	114	99	93	95	80
64	170	1	2	119	0	1953125	12	0.0	0	0.86	0	0	V0.2	0	0	49	44	64	39	62	56	51	68	53	68	64	66	73	71	79	75	87	80	91	94	89	111	90	113	114	99	136	105	130	140	112	157	133	150	184	159	221	233	247	321	319	396	444	459	557	564	625	688	693	787	813	875	915	940	1000	913	881	750	605	525	371	325	274	205	222	193	180	203	172	184	186	161	179	158	151	160	136	142	132	117	124	106	103	102	88
64	170	1	2	119	0	1953125	12	0.0	0	0.87	0	0	V0.2	0	0	52	50	69	44	69	61	58	74	58	74	70	73	78	76	84	80	91	83	95	97	92	115	92	114	115	99	135	104	126	137	106	151	127	138	175	147	205	225	233	311	309	379	440	450	547	560	615	687	686	780	812	867	917	936	1000	919	879	758	603	525	369	317	268	193	207	181	161	190	160	167	176	146	164	150	137	149	126	130	126	106	114	99	94	95	80
64	170	1	2	119	0	1953125	12	0.0	0	0.86	0	0	V0.2	0	0	43	64	37	62	55	51	67	50	67	62	65	72	67	77	74	83	79	89	89	88	107	89	112	108	103	131	102	132	131	115	155	121	149	169	140	204	202	221	294	278	358	398	423	515	519	602	639	668	752	754	849	891	903	1000	971	963	880	753	648	493	413	322	256	247	195	197	206	173	198	184	170	191	158	166	164	141	157	135	131	133	111	117	105	97	99
64	170	1	2	119	0	1953125	12	0.0	0	0.87	0	0	V0.2	0	0	55	68	44	73	57	62	73	57	77	67	73	78	75	84	80	89	84	96	92	95	111	91	118	105	108	130	100	136	124	116	152	112	148	159	133	199	187	214	281	266	352	385	418	505	509	598	628	665	749	748	850	886	903	999	973	969	882	762	648	491	414	313	253	238	182	189	190	158	187	169	160	177	146	157	152	130	146	124	122	123	101	107	96	89	91
64	170	1	2	119	0	1953125	12	0.0	0	0.86	0	0	V0.2	0	0	52	46	68	40	66	59	54	72	54	71	67	69	76	72	81	76	89	80	91	95	87	112	89	111	115	95	136	104	125	141	102	153	131	137	182	150	209	234	237	319	316	385	446	449	553	564	616	695	684	780	811	859	914	933	1000	916	873	749	590	519	362	313	269	191	208	186	161	195	164	169	182	149	168	154	139	155	130	132	131	110	119	103	96	100	83
64	170	1	2	119	0	1953125	12	0.0	0	0.87	0	0	V0.2	0	0	50	53	69	44	70	59	60	73	57	75	67	73	78	76	83	80	92	83	97	95	93	113	90	116	111	101	134	100	130	133	108	151	122	142	173	144	208	219	234	309	304	383	432	448	545	551	614	679	682	776	802	866	911	936	1000	910	877	748	601	522	366	321	262	193	208	178	164	189	156	169	172	145	164	146	137	148	124	130	123	105	113	97	94	93	79
64	170	1	2	119	0	1953125	12	0.0	0	0.86	0	0	V0.2	0	0	44	48	63	39	64	53	55	67	53	70	62	68	71	72	78	75	86	78	93	91	92	110	88	116	107	104	134	101	136	133	116	158	126	158	178	157	225	225	255	321	312	401	436	466	556	559	634	680	698	786	804	881	905	944	1000	910	888	744	612	523	370	332	266	208	224	185	185	202	168	190	182	161	180	154	156	158	134	144	130	119	123	104	106	100	88
64	170	1	2	119	0	1953125	12	0.0	0	0.87	0	0	V0.2	0	0	50	45	69	71	52	55	74	72	61	70	79	75	74	83	83	84	92	96	88	93	112	108	93	109	131	118	100	124	146	129	108	135	164	153	132	173	222	234	236	287	366	391	412	485	559	597	611	688	757	780	817	902	966	963	996	1000	886	764	636	525	415	298	257	250	205	166	173	189	188	164	154	176	171	146	140	149	149	128	117	122	117	102	93	95	93
64	170	1	2	119	0	1953125	12	0.0	0	0.86	0	0	V0.2	0	0	63	38	57	58	45	68	51	61	67	57	72	66	73	74	77	81	80	93	82	98	98	92	115	95	117	121	105	140	117	126	154	116	158	163	144	208	197	225	293	278	358	400	422	515	522	596	646	664	752	763	839	904	899	1000	986	949	904	743	653	506	393	343	249	236	220	180	207	191	175	201	172	177	181	152	167	154	139	150	127	127	124	105	112	100	92
64	170	1	2	119	0	1953125	12	0.0	0	0.87	0	0	V0.2	0	0	68	44	60	71	50	64	72	58	71	76	67	78	79	78	86	83	91	94	88	104	105	93	115	115	98	127	126	103	136	139	108	142	154	125	160	199	175	219	286	274	327	411	417	473	560	573	616	713	709	762	869	862	921	1000	972	965	899	750	641	522	382	320	277	207	187	205	176	159	192	173	150	178	161	137	158	146	126	136	128	109	112	107	92	92	89
64	170	1	2	119	0	1953125	12	0.0	0	0.86	0	0	V0.2	0	0	42	51	62	41	65	56	54	69	56	69	68	67	76	72	81	77	87	85	88	102	88	108	107	99	127	104	122	137	108	146	137	123	168	145	164	207	186	246	282	281	370	384	436	512	519	610	638	671	755	758	848	902	902	999	985	954	901	748	654	509	396	345	254	236	224	183	205	198	173	200	178	171	185	155	163	160	137	148	133	120	127	107	107	104	89
64	170	1	2	119	0	1953125	12	0.0	0	0.87	0	0	V0.2	0	0	41	69	51	57	70	49	72	63	64	75	65	79	74	80	82	83	90	84	101	90	102	109	92	122	102	112	132	99	137	125	115	152	117	150	170	145	212	216	238	309	307	383	436	449	547	560	613	687	687	778	817	864	923	937	1000	929	871	770	601	526	381	307	277	199	197	194	159	183	173	156	179	154	153	160	134	144	136	119	129	109	106	107	89	93	85
64	170	1	2	119	0	1953125	12	0.0	0	0.86	0	0	V0.2	0	0	65	44	55	63	43	69	53	62	68	59	73	66	75	74	79	82	81	92	82	103	95	98	115	94	125	113	113	142	108	143	140	122	170	142	166	205	186	253	274	292	372	376	459	501	531	623	622	703	747	764	876	881	939	1000	993	986	879	786	638	509	422	311	279	242	192	213	194	181	204	176	184	188	160	177	159	149	159	134	139	131	114	120	104	102	99
64	170	1	2	119	0	1953125	12	0.0	0	0.87	0	0	V0.2	0	0	51	70	43	70	60	58	74	56	75	68	71	78	74	83	80	90	84	95	93	92	111	92	116	109	104	131	101	132	129	111	152	116	142	165	132	197	195	209	287	269	348	394	415	508	514	593	635	661	748	750	844	890	895	1000	970	961	885	751	648	487	408	317	245	237	184	182	194	157	184	175	156	179	148	154	155	129	145	128	120	124	102	107	99	87	92
64	170	1	2	119	0	1953125	12	0.0	0	0.86	0	0	V0.2	0	0	37	70	53	56	70	49	73	62	65	74	64	79	73	81	80	85	87	86	99	86	109	101	99	122	95	128	119	109	145	107	140	141	115	174	144	171	222	197	281	294	319	416	410	496	543	566	658	662	735	781	818	911	896	991	1000	940	913	736	647	502	382	338	239	226	209	165	195	175	164	190	157	170	167	142	160	138	135	141	117	124	113	100	105	89	89
64	170	1	2	119	0	1953125	12	0.0	0	0.87	0	0	V0.2	0	0	41	71	53	60	71	51	74	63	69	76	67	81	76	84	82	88	88	89	101	88	111	101	103	122	96	129	117	113	144	107	143	138	119	172	142	174	216	196	278	289	321	411	410	497	537	568	654	659	737	778	822	912	899	996	1000	945	911	743	654	507	390	338	240	227	206	167	195	172	164	187	155	171	164	141	159	136	135	138	114	123	109	99	103	87	88
64	170	1	2	119	0	1953125	12	0.0	0	0.86	0	0	V0.2	0	0	44	68	43	63	60	52	72	54	69	67	66	76	70	80	77	86	82	90	93	87	108	91	109	112	98	130	103	124	134	106	150	122	133	168	132	190	203	203	287	274	339	400	411	509	521	588	646	661	750	761	838	900	895	1000	978	957	894	747	651	490	403	324	243	237	193	178	198	164	182	183	157	181	156	153	162	133	146	134	121	129	108	108	103	90	94
64	170	1	2	119	0	1953125	12	0.0	0	0.87	0	0	V0.2	0	0	40	68	59	53	73	51	72	66	63	77	66	79	75	80	81	84	90	86	101	88	105	106	96	123	97	121	126	104	144	112	131	148	112	168	152	161	221	198	267	301	307	409	411	480	547	555	647	664	717	781	805	900	895	972	1000	922	905	733	634	510	373	337	243	214	211	163	187	180	156	184	158	159	167	137	153	141	128	138	114	117	112	95	101	87	84
64	170	1	2	119	0	1953125	12	0.0	0	0.86	0	0	V0.2	0	0	52	61	38	66	50	56	66	51	70	60	66	72	70	77	74	84	79	91	88	90	106	88	113	106	104	131	101	134	131	114	156	122	147	172	140	205	206	218	297	280	355	405	420	515	525	596	648	664	753	759	839	899	894	1000	976	953	890	740	649	491	402	331	247	243	206	184	209	177	187	196	164	186	168	156	170	142	150	144	124	133	114	110	110	93	97
64	170	1	2	119	0	1953125	12	0.0	0	0.87	0	0	V0.2	0	0	59	64	46	73	53	65	69	58	76	65	75	76	76	82	81	90	84	98	90	98	107	93	120	101	114	126	101	140	116	124	148	107	153	150	139	199	179	223	275	267	356	375	426	502	509	606	621	675	745	748	859	881	917	1000	979	978	880	775	644	499	418	308	262	235	179	196	184	161	189	164	166	175	144	162	149	133	147	122	127	121	103	110	94	91	90
64	170	1	2	119	0	1953125	12	0.0	0	0.86	0	0	V0.2	0	0	38	54	58	40	66	48	60	63	54	71	60	70	70	73	78	77	86	79	96	88	96	106	89	119	101	112	130	101	141	124	125	157	121	166	170	162	229	214	266	316	314	412	427	478	556	558	645	672	710	786	805	895	901	959	1000	917	897	737	625	517	371	337	257	216	224	179	192	198	168	195	175	167	180	151	161	154	136	148	126	124	122	104	109	98	91
64	170	1	2	119	0	1953125	12	0.0	0	0.87	0	0	V0.2	0	0	40	66	60	51	73	51	70	67	62	77	66	78	75	80	82	84	90	85	101	89	104	108	94	123	99	120	127	102	142	114	127	148	112	164	155	157	219	200	262	302	305	405	413	474	546	554	644	665	712	781	804	898	897	966	1000	921	905	740	635	516	373	337	246	212	212	165	184	182	155	183	160	157	168	139	152	141	126	138	116	115	113	95	101	89	83
64	170	1	2	119	0	1953125	12	0.0	0	0.86	0	0	V0.2	0	0	37	61	57	46	70	48	66	64	58	74	62	74	73	77	79	80	87	82	98	87	101	105	90	121	97	116	126	100	141	116	126	149	113	164	158	157	223	204	265	306	308	410	419	477	551	553	645	666	712	784	806	897	897	966	1000	919	903	735	630	513	369	337	248	212	214	167	187	187	159	188	165	161	172	143	156	147	130	142	120	119	117	99	105	93	87
64	170	1	2	119	0	1953125	12	0.0	0	0.87	0	0	V0.2	0	0	57	47	71	46	68	65	57	75	59	74	71	72	79	76	85	80	92	86	94	100	90	115	94	111	119	96	136	108	122	141	104	148	136	133	177	151	199	232	231	309	318	373	444	447	546	568	608	692	686	775	820	861	924	939	1000	926	874	764	600	526	375	311	273	194	203	189	159	189	165	162	178	149	161	154	134	149	129	127	128	106	113	102	92	96	80
64	170	1	2	119	0	1953125	12	0.0	0	0.86	0	0	V0.2	0	0	41	52	62	39	66	50	58	66	53	70	61	70	71	72	78	77	87	79	95	88	94	108	88	119	105	109	134	101	140	130	121	158	124	164	175	161	230	221	263	320	314	409	430	470	557	557	641	676	703	787	804	888	904	952	1000	912	894	740	618	518	368	336	263	214	225	183	189	201	168	194	179	165	182	152	159	156	136	147	128	122	124	104	108	99	90
64	170	1	2	119	0	1953125	12	0.0	0	0.86	0	0	V0.2	0	0	37	59	57	44	68	48	64	63	57	73	62	73	71	75	78	81	88	82	98	86	102	105	93	122	100	120	128	105	147	121	137	156	124	177	166	174	234	213	280	313	321	419	425	493	554	565	655	669	725	786	813	905	901	975	1000	924	904	738	638	515	381	345	255	229	226	181	204	195	174	200	172	176	179	152	166	151	140	148	125	128	120	105	110	96	93
64	170	1	2	119	0	1953125	12	0.0	0	0.87	0	0	V0.2	0	0	41	63	63	48	73	53	67	69	61	77	66	78	76	79	82	83	91	84	101	91	101	109	92	123	101	114	131	100	140	119	122	150	113	160	162	152	219	204	255	307	302	402	418	464	549	548	636	668	701	782	800	887	897	953	1000	914	898	736	621	517	366	333	249	205	212	166	178	185	154	181	165	153	168	139	148	144	124	136	118	112	114	95	99	90	80
64	170	1	2	119	0	1953125	12	0.0	0	0.87	0	0	V0.2	0	0	42	62	63	47	73	52	67	69	60	77	66	77	77	79	82	83	91	83	100	90	100	110	92	123	102	113	131	99	141	120	120	151	113	159	161	150	218	204	254	308	303	401	418	465	547	549	636	667	697	779	796	884	897	951	1000	910	894	734	617	516	363	333	250	204	212	166	177	185	152	180	164	151	167	138	147	144	123	135	118	112	114	94	98	91	80
64	170	1	2	119	0	1953125	12	0.0	0	0.87	0	0	V0.2	0	0	72	26	84	24	82	61	59	96	18	109	51	87	101	41	125	45	111	99	70	129	60	125	97	102	125	92	135	102	139	120	133	152	113	189	136	191	232	177	320	258	350	420	373	551	469	616	633	628	786	685	881	848	896	1000	919	994	810	796	603	504	424	275	306	207	205	221	157	217	166	188	191	150	200	131	180	150	132	173	89	161	104	116	133	63	135
64	170	1	2	119	0	1953125	12	0.0	0	0.87	0	0	V0.2	0	0	67	59	52	75	50	72	66	63	78	65	78	75	79	83	83	89	86	100	88	104	104	98	122	97	123	121	107	143	108	136	142	112	163	139	154	200	175	240	267	277	364	368	448	499	523	619	617	699	744	762	875	880	942	998	1000	992	886	797	640	517	420	306	277	229	184	204	177	172	192	159	177	172	148	168	144	143	148	122	133	118	107	112	93	96	89
64	170	1	2	119	0	1953125	12	0.0	0	0.86	0	0	V0.2	0	0	35	59	56	43	68	46	64	63	56	72	60	73	70	75	78	79	85	80	97	85	101	104	92	121	98	118	128	103	146	119	133	155	120	175	165	170	232	210	280	312	320	419	423	489	555	563	655	669	722	786	809	903	897	972	1000	922	901	731	632	511	375	342	252	224	224	177	201	194	171	199	171	174	179	150	166	151	139	148	125	127	121	105	110	97	93
64	170	1	2	119	0	1953125	12	0.0	0	0.87	0	0	V0.2	0	0	41	71	53	59	71	51	75	63	68	76	67	80	74	83	82	87	89	89	100	89	110	102	102	123	96	129	119	112	144	107	142	141	119	173	144	174	219	196	279	293	319	411	407	497	541	568	656	661	735	779	822	913	899	993	1000	942	915	745	654	508	388	339	243	229	208	167	194	174	165	188	154	169	165	141	159	137	134	138	116	123	112	99	103	87	87
