34928	35048	35167	35286	35405	35524	35644	35763	35882	36001	36120	36240	36359	36478	36597	36716	36836	36955	37074	37193	37313	37432	37551	37670	37789	37909	38028	38147	38266	38385	38505	38624	38743	38862	38981	39101	39220	39339	39458	39577	39697	39816	39935	40054	40174	40293	40412	40531	40650	40770	40889	41008	41127	41246	41366	41485	41604	41723	41842	41962	42081	42200	42319	42439	42558	42677	42796	42915	43035	43154	43273	43392	43511	43631	43750	43869	43988	44107	44227	44346	44465	44584	44703	44823	44942
64	170	1	2	119	0	1953125	12	0.0	637	1.13	0	0	V0.2	0	0	54	107	61	105	72	106	82	104	96	104	107	103	120	107	132	113	147	124	158	140	174	158	186	180	202	200	214	225	234	251	255	281	272	297	296	335	341	381	401	446	469	517	548	584	619	675	741	766	830	855	898	891	967	962	1000	978	958	855	722	621	530	487	453	421	419	394	391	358	363	334	336	306	312	284	285	256	254	228	224	203	200	182	176	164	161
64	170	1	2	119	0	1953125	12	0.0	639	1.13	0	0	V0.2	0	0	52	124	60	125	69	128	78	127	90	126	104	125	120	126	137	129	158	132	177	137	197	143	215	155	235	166	254	183	275	200	297	223	314	237	332	273	369	322	421	390	482	463	553	533	621	636	738	725	821	814	886	855	963	930	999	934	963	794	735	562	537	442	443	388	392	368	355	344	324	326	296	303	272	284	248	255	221	227	193	199	172	175	154	152	140
64	170	1	2	119	0	1953125	12	0.0	637	1.13	0	0	V0.2	0	0	43	111	48	112	57	115	66	113	79	113	91	112	108	112	124	114	144	117	162	124	183	132	202	146	225	159	244	178	267	200	293	225	311	242	335	279	376	328	431	395	493	467	563	535	630	630	744	713	826	803	893	843	966	911	1000	918	965	786	745	562	553	442	467	389	422	370	386	341	356	324	324	299	296	281	270	252	241	225	210	196	186	176	169	158	153
64	170	1	2	119	0	1953125	12	0.0	639	1.13	0	0	V0.2	0	0	72	113	80	112	87	110	97	111	108	111	119	112	133	114	143	122	158	131	172	144	186	158	200	173	217	192	231	210	248	229	271	251	286	262	309	290	348	329	406	393	471	458	547	524	617	619	739	705	824	790	888	827	963	898	1000	911	960	778	729	543	534	414	455	353	412	330	382	301	351	283	324	265	299	247	269	224	240	203	210	179	182	159	161	145	142
64	170	1	2	119	0	1953125	12	0.0	637	1.13	0	0	V0.2	0	0	45	106	53	107	62	108	74	106	86	106	100	106	114	107	128	109	143	116	161	125	178	138	196	152	215	170	234	190	254	211	279	234	297	250	323	283	366	330	423	394	486	462	563	530	633	625	748	710	831	798	898	838	970	904	1000	909	958	779	739	555	551	429	467	375	426	354	395	328	364	309	334	286	308	267	280	243	251	217	221	193	194	173	174	158	156
64	170	1	2	119	0	1953125	12	0.0	639	1.13	0	0	V0.2	0	0	118	66	118	74	119	84	119	96	118	106	117	121	122	134	126	150	132	163	140	179	153	195	167	212	182	229	197	248	213	271	235	297	246	313	262	351	298	401	349	468	415	539	488	605	559	702	681	791	767	880	836	919	906	988	939	1000	903	863	673	629	472	500	383	439	340	415	315	380	290	356	269	327	251	302	232	271	210	237	183	204	166	178	153	155	142
64	170	1	2	119	0	1953125	12	0.0	637	1.13	0	0	V0.2	0	0	42	110	50	113	56	114	63	114	76	115	90	114	106	115	123	117	142	119	161	125	181	130	202	143	225	157	246	175	267	195	294	222	312	239	334	277	375	331	429	396	489	470	562	542	628	639	744	728	826	815	893	855	964	924	1000	934	967	797	744	570	549	452	461	401	413	385	380	357	345	339	317	314	292	292	264	264	237	236	209	207	188	183	166	163	153
64	170	1	2	119	0	1953125	12	0.0	639	1.13	0	0	V0.2	0	0	55	124	63	124	72	123	83	121	98	121	109	120	127	121	142	123	159	126	174	133	195	145	213	156	229	169	249	186	269	205	291	228	307	239	327	271	367	316	421	382	484	453	557	520	624	617	740	705	824	793	890	829	965	902	1000	909	964	773	736	541	540	418	453	363	405	345	373	319	339	302	310	281	284	262	257	238	229	213	200	187	174	167	156	149	139
64	170	1	2	119	0	1953125	12	0.0	617	1.13	0	0	V0.2	0	0	63	104	67	104	76	104	84	103	97	102	105	103	119	104	132	110	147	115	161	125	178	134	192	146	210	159	223	170	242	186	261	202	274	209	293	236	330	280	385	347	452	421	529	494	602	598	724	690	812	786	888	833	969	907	1000	907	955	765	723	526	515	391	422	339	377	327	349	310	322	301	299	285	277	272	256	251	231	229	206	205	185	187	166	165	151
64	170	1	2	119	0	1953125	12	0.0	639	1.13	0	0	V0.2	0	0	60	121	64	123	68	126	75	127	88	129	99	128	117	129	135	131	155	132	173	138	195	143	214	154	235	164	253	182	274	198	295	222	312	236	332	268	367	314	421	381	483	452	555	521	624	619	741	705	822	793	891	833	964	906	999	909	962	778	738	546	544	419	456	360	411	340	378	311	350	295	322	273	296	253	268	230	240	205	209	180	185	162	161	144	144
64	170	1	2	119	0	1953125	12	0.0	637	1.13	0	0	V0.2	0	0	40	112	46	111	54	114	64	113	78	113	91	112	107	112	124	113	144	116	162	124	184	130	203	143	226	157	246	174	268	196	294	222	312	238	335	275	378	328	434	395	494	466	569	539	635	635	752	722	831	806	895	844	965	912	1000	918	966	783	742	558	551	442	464	387	419	371	385	345	353	327	323	304	296	284	269	255	241	229	212	203	191	182	169	160	153
64	170	1	2	119	0	1953125	12	0.0	639	1.13	0	0	V0.2	0	0	70	113	76	112	87	111	95	110	106	110	117	111	131	114	142	121	158	129	169	142	186	157	199	172	217	191	233	208	250	227	272	250	288	263	311	290	352	330	408	392	476	461	551	525	622	617	740	705	828	795	898	836	970	903	999	911	963	787	741	556	543	419	458	358	416	336	386	308	356	292	327	269	301	252	272	228	243	206	212	182	185	161	163	146	145
64	170	1	2	119	0	1953125	12	0.0	637	1.13	0	0	V0.2	0	0	40	111	48	111	57	111	68	110	81	108	95	108	111	108	126	110	144	114	162	122	180	130	199	145	220	159	241	180	262	200	287	225	305	240	329	274	371	324	427	389	491	459	564	525	629	620	746	710	831	797	898	833	967	900	1000	911	969	782	747	554	555	432	471	379	428	360	394	335	362	317	332	294	306	276	278	251	249	223	219	198	193	178	172	160	155
64	170	1	2	119	0	1953125	12	0.0	639	1.13	0	0	V0.2	0	0	58	121	65	121	74	119	85	119	99	118	111	116	126	118	141	121	157	125	174	134	192	144	210	158	227	173	246	189	264	209	286	232	302	242	323	272	364	317	419	381	483	448	553	511	622	612	743	701	827	785	886	818	959	893	999	907	963	770	730	534	534	413	454	358	406	337	374	311	342	296	315	275	286	258	260	233	232	209	203	183	178	164	155	145	140
64	170	1	2	119	0	1953125	12	0.0	637	1.13	0	0	V0.2	0	0	45	114	54	114	64	116	73	112	87	113	100	111	117	111	130	113	150	119	165	126	185	134	202	148	222	159	240	180	261	196	283	221	298	231	320	265	360	312	416	379	474	444	548	514	614	613	734	700	814	785	882	823	957	900	1000	909	960	771	732	539	539	421	454	366	407	349	374	322	342	309	315	287	289	271	263	244	236	219	206	194	183	172	162	156	147
64	170	1	2	119	0	1953125	12	0.0	639	1.13	0	0	V0.2	0	0	119	63	120	70	121	80	120	91	120	103	120	117	123	131	124	147	130	162	138	180	150	195	161	213	176	231	188	252	206	274	224	299	238	317	253	355	288	403	340	469	402	538	476	602	548	701	670	786	755	876	825	917	902	989	936	999	897	862	670	629	469	500	382	437	341	411	315	376	291	353	271	325	253	298	232	266	210	235	187	204	167	178	151	156	141
64	170	1	2	119	0	1953125	12	0.0	637	1.13	0	0	V0.2	0	0	53	120	61	119	69	119	80	117	93	117	106	116	121	115	136	118	153	121	169	129	190	140	207	153	227	166	243	184	264	202	287	225	302	237	324	270	362	314	418	380	478	448	554	520	620	617	739	702	820	789	887	828	962	901	1000	913	963	773	736	544	541	418	452	362	405	346	373	321	340	305	313	285	287	268	260	242	233	217	204	191	181	170	160	153	145
64	170	1	2	119	0	1953125	12	0.0	639	1.13	0	0	V0.2	0	0	51	123	59	124	68	123	77	122	91	122	104	122	120	121	136	123	155	127	173	133	193	141	212	152	232	164	251	179	271	198	294	222	309	233	328	268	367	315	420	384	483	455	554	527	621	624	739	713	823	802	889	843	963	914	1000	922	965	783	736	551	538	429	448	374	398	357	365	331	332	316	305	294	281	276	255	248	226	222	200	195	176	174	159	153	143
64	170	1	2	119	0	1953125	12	0.0	637	1.13	0	0	V0.2	0	0	45	110	49	111	55	113	64	113	75	115	89	115	104	115	120	117	140	118	159	126	182	132	202	144	225	156	245	175	270	195	294	222	312	240	335	278	375	332	430	403	493	477	565	545	629	647	744	734	827	825	893	863	964	932	1000	940	965	800	740	573	546	458	458	407	409	388	373	362	343	342	315	318	288	295	261	268	235	238	208	211	185	185	166	166	155
64	170	1	2	119	0	1953125	12	0.0	639	1.13	0	0	V0.2	0	0	69	115	78	114	85	112	94	111	106	112	118	112	131	116	144	121	157	128	172	141	188	155	204	172	220	187	235	207	253	227	276	250	291	260	314	289	356	331	411	392	479	462	552	524	624	619	742	705	828	793	895	826	968	896	1000	905	964	777	736	546	541	414	458	354	417	331	385	302	354	287	324	266	300	252	272	225	241	202	210	180	185	162	162	146	142
64	170	1	2	119	0	1953125	12	0.0	637	1.13	0	0	V0.2	0	0	41	113	46	113	54	113	66	114	79	112	92	112	108	111	125	113	143	114	163	123	184	130	204	145	226	160	247	178	269	199	295	224	313	241	339	278	379	328	437	396	496	465	569	535	633	629	749	712	827	797	891	836	965	905	1000	911	964	778	746	556	558	439	472	387	426	366	390	340	358	321	327	296	299	276	271	249	242	224	212	198	191	176	170	158	151
64	170	1	2	119	0	1953125	12	0.0	639	1.13	0	0	V0.2	0	0	71	112	77	112	88	112	96	110	108	110	118	112	132	114	143	121	157	128	171	144	187	156	200	172	216	189	232	208	250	228	273	251	288	264	312	291	351	331	408	393	473	458	549	522	618	618	738	702	823	788	888	822	962	896	1000	909	960	776	731	544	540	416	458	353	414	330	384	301	353	284	325	265	300	248	271	224	242	202	209	179	186	162	160	144	144
64	170	1	2	119	0	1953125	12	0.0	637	1.13	0	0	V0.2	0	0	41	111	46	111	55	111	66	111	79	110	92	111	108	109	123	111	144	116	163	121	180	130	200	144	222	158	243	177	265	198	290	223	308	239	333	276	375	326	431	393	493	464	563	529	633	628	746	715	829	800	890	833	960	905	1000	915	962	778	739	553	551	437	468	383	421	366	387	339	356	321	327	299	300	278	271	251	243	226	215	198	191	180	170	160	155
64	170	1	2	119	0	1953125	12	0.0	614	1.13	0	0	V0.2	0	0	105	85	109	86	113	89	118	91	124	96	129	104	136	112	145	126	151	137	159	153	168	168	177	184	189	199	198	211	208	225	227	238	238	242	256	257	295	291	354	348	423	418	508	491	584	587	710	679	805	777	883	824	966	900	1000	906	952	769	710	523	501	376	410	308	369	286	344	265	321	258	300	244	280	236	256	217	232	202	204	180	182	168	159	149	140
64	170	1	2	119	0	1953125	12	0.0	637	1.13	0	0	V0.2	0	0	64	100	64	105	64	110	69	113	75	115	86	117	101	121	117	123	137	126	155	130	178	135	200	147	223	157	243	176	269	195	292	220	310	237	333	277	374	327	428	395	491	467	565	537	630	633	744	721	827	809	895	847	966	916	1000	921	965	787	743	559	553	439	469	386	425	364	392	336	362	316	333	292	307	272	277	245	249	218	219	194	194	171	174	157	156
64	170	1	2	119	0	1953125	12	0.0	614	1.13	0	0	V0.2	0	0	80	117	82	121	85	124	90	128	97	132	105	137	118	141	132	145	147	151	163	158	184	164	196	170	213	180	225	191	239	206	255	227	264	237	269	272	294	323	340	398	407	475	484	552	560	665	690	765	785	865	864	914	947	994	984	999	946	847	702	588	475	447	367	386	318	371	289	346	268	332	249	311	237	294	222	269	205	239	183	209	168	183	153	160	141
64	170	1	2	119	0	1953125	12	0.0	637	1.13	0	0	V0.2	0	0	45	111	48	113	54	113	64	114	77	114	92	112	108	112	123	113	144	117	162	125	183	133	200	148	222	163	240	185	264	209	287	235	304	250	328	286	370	335	427	398	488	467	561	532	631	627	748	712	829	798	894	834	965	905	999	914	959	786	733	564	550	439	471	378	431	353	401	323	372	302	343	279	316	257	285	233	257	209	223	186	199	165	176	153	155
64	170	1	2	119	0	1953125	12	0.0	639	1.13	0	0	V0.2	0	0	65	114	74	116	83	114	92	113	105	112	115	114	131	115	142	121	157	127	171	139	188	152	203	167	219	183	237	201	255	220	277	242	292	256	316	283	355	324	411	387	476	454	552	522	620	615	736	698	822	789	891	827	967	897	1000	906	963	776	740	547	544	415	458	355	415	334	381	305	352	289	323	269	296	251	271	228	238	207	209	181	184	163	162	146	143
64	170	1	2	119	0	1953125	12	0.0	637	1.13	0	0	V0.2	0	0	44	109	49	108	60	111	72	108	83	107	96	105	112	106	126	107	143	113	160	123	179	132	196	148	217	162	235	184	258	205	281	228	299	243	324	278	367	324	423	390	486	459	559	524	625	619	742	704	825	792	892	828	963	896	999	907	963	776	742	550	551	428	471	373	428	353	395	326	363	308	333	286	307	269	279	243	250	218	217	193	195	175	170	158	152
64	170	1	2	119	0	1953125	12	0.0	639	1.13	0	0	V0.2	0	0	66	113	74	114	83	113	91	112	104	111	115	111	129	113	139	118	155	127	168	138	185	151	200	166	216	184	233	200	251	220	271	242	288	253	312	281	351	324	408	384	470	450	544	516	616	610	734	698	817	782	882	822	962	899	999	907	957	770	727	542	539	415	456	356	412	332	381	304	351	289	323	268	296	252	269	227	238	204	208	180	183	162	163	146	142
64	170	1	2	119	0	1953125	12	0.0	617	1.13	0	0	V0.2	0	0	72	94	79	94	86	92	92	94	103	96	111	98	123	101	132	108	143	116	157	128	170	140	183	155	198	167	212	182	228	194	247	212	262	216	279	238	320	281	377	343	444	416	526	492	601	592	724	685	813	776	884	819	964	897	1000	902	956	758	716	515	510	378	422	325	379	310	352	293	328	284	306	270	285	261	261	241	236	221	209	199	188	181	169	161	150
64	170	1	2	119	0	1953125	12	0.0	614	1.13	0	0	V0.2	0	0	53	128	60	128	70	131	78	129	92	129	105	130	124	130	139	131	158	130	175	136	194	140	210	148	228	154	241	163	255	175	272	192	281	200	293	228	322	272	373	345	439	423	518	501	591	611	717	707	808	807	885	853	965	927	1000	932	963	784	724	531	505	390	402	333	354	321	324	302	299	293	279	280	260	266	240	244	217	220	193	195	176	174	155	151	140
64	170	1	2	119	0	1953125	12	0.0	637	1.13	0	0	V0.2	0	0	59	106	59	110	61	112	66	115	76	118	86	118	104	120	119	120	139	122	160	128	183	133	203	145	227	157	248	176	270	197	296	224	315	239	337	278	379	328	434	395	496	465	566	532	633	627	748	711	830	799	894	832	963	902	1000	912	965	781	744	556	557	437	473	378	432	356	398	327	368	308	337	283	312	263	282	236	252	213	222	187	195	168	174	152	154
64	170	1	2	119	0	1953125	12	0.0	639	1.13	0	0	V0.2	0	0	55	125	60	128	68	127	77	128	90	127	103	128	121	127	137	130	157	132	176	138	196	145	218	155	236	166	257	182	278	201	300	225	317	239	336	275	373	326	425	395	485	467	557	541	624	643	740	731	822	818	886	860	964	934	1000	939	961	792	732	563	534	444	441	389	389	370	353	346	323	330	294	305	269	285	245	257	219	228	192	199	171	176	151	153	140
64	170	1	2	119	0	1953125	12	0.0	637	1.13	0	0	V0.2	0	0	56	107	58	110	63	114	68	117	79	119	89	120	105	122	120	125	139	128	159	135	181	143	204	154	224	165	248	184	270	206	294	232	314	253	337	293	373	349	428	421	491	499	564	569	632	672	745	760	829	855	900	899	972	966	1000	968	965	830	746	604	545	483	454	432	402	412	369	383	336	362	308	335	283	309	258	280	233	249	206	219	186	193	168	170	158
64	170	1	2	119	0	1953125	12	0.0	639	1.13	0	0	V0.2	0	0	53	121	61	121	70	121	82	120	95	119	107	117	124	118	140	121	158	126	175	133	193	143	211	155	230	169	248	186	268	205	291	227	307	238	328	271	369	317	422	381	486	453	560	523	627	618	745	704	826	791	891	828	963	899	1000	908	964	770	735	538	542	416	454	363	408	343	374	319	341	303	314	284	290	264	259	238	233	214	202	189	180	167	156	149	140
64	170	1	2	119	0	1953125	12	0.0	617	1.13	0	0	V0.2	0	0	43	116	50	117	60	119	70	118	83	119	97	120	113	119	128	122	147	125	166	130	184	135	203	144	223	154	238	166	254	183	274	205	287	216	298	253	331	308	381	385	448	468	526	549	596	658	720	754	812	857	891	906	968	978	1000	982	960	830	719	581	496	445	391	393	343	383	316	360	292	348	274	328	256	309	240	281	220	254	200	225	183	200	167	174	153
64	170	1	2	119	0	1953125	12	0.0	639	1.13	0	0	V0.2	0	0	99	100	100	106	99	113	99	120	101	127	106	136	116	143	126	148	144	156	161	164	182	172	200	183	223	195	242	212	263	231	287	256	303	272	319	312	353	363	407	436	468	510	544	583	609	684	732	776	818	870	889	908	958	978	1000	991	970	846	736	603	526	476	430	422	381	401	348	371	318	350	291	324	269	301	246	268	223	238	195	205	177	183	159	159	147
64	170	1	2	119	0	1953125	12	0.0	637	1.13	0	0	V0.2	0	0	55	115	60	116	64	118	72	121	83	123	95	125	109	126	125	128	145	132	164	137	184	144	205	154	227	166	246	184	268	202	291	227	305	245	325	286	363	340	415	412	474	484	546	558	616	665	734	754	817	844	883	886	958	962	999	971	959	823	725	589	526	472	434	420	384	401	349	372	319	355	295	329	269	305	248	275	222	244	198	213	179	189	161	166	149
64	170	1	2	119	0	1953125	12	0.0	639	1.13	0	0	V0.2	0	0	54	126	60	126	66	128	77	127	88	129	102	128	120	130	136	130	155	133	176	139	197	146	218	155	238	167	257	182	278	200	301	224	314	238	334	276	370	327	423	397	484	471	554	542	621	645	739	735	822	824	885	862	961	938	1000	945	963	800	732	565	530	446	438	394	387	375	352	349	318	331	292	310	269	289	242	259	218	230	192	203	172	177	152	156	142
64	170	1	2	119	0	1953125	12	0.0	612	1.12	0	0	V0.2	0	0	56	107	62	107	73	109	81	107	92	105	103	106	117	106	132	109	146	114	164	121	179	130	196	142	212	152	229	164	244	177	265	196	279	204	295	230	331	277	385	345	450	423	531	499	599	605	723	698	812	793	886	840	966	911	1000	919	961	770	723	528	514	396	417	344	372	335	340	316	314	308	292	293	271	278	249	256	227	235	204	209	183	187	164	168	152
64	170	1	2	119	0	1953125	12	0.0	639	1.13	0	0	V0.2	0	0	85	105	87	110	86	116	87	120	93	128	99	130	111	137	126	142	144	146	162	153	186	160	205	169	226	178	247	194	268	211	289	236	305	251	323	291	358	340	410	413	472	484	543	555	613	660	731	749	815	838	885	882	960	951	999	961	966	816	737	578	534	455	441	400	392	381	358	353	327	335	303	310	278	288	253	259	227	228	201	200	181	179	160	154	146
64	170	1	2	119	0	1953125	12	0.0	637	1.13	0	0	V0.2	0	0	60	102	62	106	66	111	70	114	78	116	89	120	103	122	118	126	136	130	156	139	177	145	198	158	222	169	242	189	266	211	290	237	308	258	328	301	367	357	421	430	484	505	549	573	619	680	739	770	822	859	883	895	954	970	999	984	963	834	729	604	531	491	443	439	393	417	358	387	328	367	301	341	278	316	254	282	229	252	202	220	184	194	167	171	154
64	170	1	2	119	0	1953125	12	0.0	639	1.13	0	0	V0.2	0	0	64	123	69	125	75	127	80	129	92	132	104	134	119	136	134	138	155	143	174	150	196	156	216	168	236	178	255	194	276	214	298	238	314	255	332	295	366	346	419	420	481	495	553	571	618	674	738	766	823	858	888	899	962	975	1000	981	962	832	728	595	525	477	429	420	375	399	341	371	310	351	286	326	262	302	238	272	216	241	190	209	172	183	154	160	141
64	170	1	2	119	0	1953125	12	0.0	617	1.13	0	0	V0.2	0	0	45	112	52	114	61	116	70	117	81	119	95	121	109	123	126	126	142	129	162	136	180	143	199	151	216	163	233	176	249	192	266	212	277	228	289	267	322	320	370	394	433	477	515	558	590	669	710	761	799	863	878	919	965	1000	993	992	944	839	705	596	491	461	387	404	337	388	312	366	289	351	272	329	257	309	241	282	222	255	204	225	184	198	168	176	156
64	170	1	2	119	0	1953125	12	0.0	614	1.13	0	0	V0.2	0	0	117	73	123	77	128	80	130	87	134	96	136	110	140	123	142	141	146	157	149	178	155	195	157	215	164	234	168	250	176	266	189	287	198	297	213	318	249	356	311	422	385	493	473	567	552	664	687	761	784	864	864	911	940	985	968	1000	922	869	671	610	448	454	358	378	328	351	311	320	297	301	284	280	270	263	250	238	230	215	203	189	185	171	162	149	147
64	170	1	2	119	0	1953125	12	0.0	637	1.13	0	0	V0.2	0	0	115	63	117	64	120	72	123	80	123	94	124	107	125	122	125	140	130	156	132	175	141	194	149	215	165	234	176	257	193	277	211	303	227	319	244	355	283	404	337	470	403	537	475	601	547	700	671	788	757	874	819	906	888	980	930	1000	899	859	664	619	468	498	383	438	342	415	312	379	289	357	267	327	252	302	230	270	209	238	186	207	168	181	154	156	144
64	170	1	2	119	0	1953125	12	0.0	639	1.13	0	0	V0.2	0	0	52	121	58	122	66	124	75	123	89	124	101	123	118	124	136	126	152	127	172	134	193	142	211	152	233	163	250	178	270	197	293	218	310	233	328	269	365	317	417	385	479	457	548	529	618	633	735	719	815	806	878	848	957	925	1000	934	957	785	729	556	533	438	441	382	391	363	356	338	326	323	297	300	273	282	249	254	224	227	196	199	175	176	152	154	142
64	170	1	2	119	0	1953125	12	0.0	637	1.13	0	0	V0.2	0	0	78	109	78	113	82	118	86	122	93	127	100	130	112	136	126	142	141	147	160	158	181	164	199	178	221	190	238	210	261	229	280	255	295	274	309	316	344	371	392	440	453	518	526	594	593	695	711	784	796	876	865	921	942	994	974	1000	935	852	702	619	499	495	404	440	358	417	325	385	299	363	276	333	255	310	235	278	213	246	190	211	171	188	154	162	144
64	170	1	2	119	0	1953125	12	0.0	639	1.13	0	0	V0.2	0	0	59	125	64	127	71	128	78	129	91	130	105	132	122	132	138	134	157	138	176	142	197	150	218	161	239	172	256	186	277	206	300	228	316	244	333	281	371	333	423	402	484	478	558	554	626	654	742	743	823	835	892	877	968	952	1000	954	962	811	731	578	532	457	436	402	386	385	350	356	320	341	292	315	268	291	243	261	218	234	192	204	172	180	154	156	140
64	170	1	2	119	0	1953125	12	0.0	1678	1.31	0	0	V0.2	0	0	80	116	84	121	90	125	96	131	104	135	116	141	128	146	142	152	156	157	172	164	189	171	205	180	221	188	235	197	246	202	254	207	261	220	277	244	299	286	341	343	391	410	475	522	594	647	708	746	793	816	850	874	924	952	999	969	927	768	643	469	403	342	342	340	335	337	319	326	305	318	294	309	285	299	274	283	257	262	237	239	220	219	202	198	183
64	170	1	2	119	0	1953125	12	0.0	1675	1.31	0	0	V0.2	0	0	90	130	94	135	100	140	107	144	115	148	126	153	139	158	153	163	168	169	182	173	197	180	212	185	226	192	239	199	249	203	254	206	257	218	268	239	288	282	327	335	374	405	458	519	580	647	697	746	779	809	831	868	911	960	1000	979	924	767	631	460	385	332	320	328	310	325	295	313	276	301	267	297	260	287	250	269	232	247	216	225	199	204	185	183	167
64	170	1	2	119	0	1953125	12	0.0	1678	1.31	0	0	V0.2	0	0	113	80	119	84	125	90	128	97	133	107	138	120	142	134	147	148	151	165	155	182	161	200	167	217	176	233	183	246	188	256	192	264	202	277	222	296	252	332	299	379	354	439	448	549	570	669	678	759	751	820	805	880	886	974	963	1000	869	794	572	502	352	377	317	363	316	350	304	332	295	318	290	309	283	296	273	278	255	256	236	233	218	213	200	193	182
64	170	1	2	119	0	1953125	12	0.0	1675	1.31	0	0	V0.2	0	0	88	127	95	129	104	131	113	131	125	135	137	138	148	140	161	147	175	154	186	161	197	170	209	179	221	189	231	198	238	202	244	202	250	207	269	221	295	253	338	299	391	363	480	472	600	596	710	692	789	756	843	815	923	905	1000	927	912	734	621	438	392	296	344	281	341	274	326	260	310	253	299	249	289	244	275	232	254	216	232	200	208	184	187	171	168
64	170	1	2	119	0	1953125	12	0.0	1678	1.31	0	0	V0.2	0	0	98	103	105	104	110	106	120	110	128	115	136	122	145	131	155	142	162	154	172	171	180	185	190	200	198	215	207	228	214	236	220	243	230	250	251	267	283	302	333	350	392	414	486	523	608	644	720	744	801	811	858	871	932	953	1000	979	905	787	607	490	381	346	346	330	349	320	341	303	327	291	318	282	310	276	297	262	275	241	252	224	232	208	210	191	188
64	170	1	2	119	0	1953125	12	0.0	1675	1.31	0	0	V0.2	0	0	127	96	132	100	138	105	142	112	149	123	153	132	156	146	162	162	167	177	171	192	174	206	181	224	188	237	192	250	198	257	201	262	204	265	219	280	246	312	296	359	354	417	446	522	567	646	685	754	775	826	833	884	900	964	974	1000	892	815	603	515	358	355	305	332	310	322	303	304	290	288	282	277	276	268	266	252	248	233	228	213	208	194	189	176	171
64	170	1	2	119	0	1953125	12	0.0	1678	1.31	0	0	V0.2	0	0	83	110	93	113	101	114	110	116	119	119	130	123	141	130	152	139	163	148	173	159	186	172	197	185	208	200	220	211	227	218	234	224	244	232	265	248	296	282	344	331	400	393	490	498	607	619	720	721	804	792	861	849	933	927	999	952	914	767	626	476	398	328	356	314	359	307	348	292	335	282	324	276	313	267	300	254	277	237	254	220	231	205	209	189	186
64	170	1	2	119	0	1953125	12	0.0	1675	1.31	0	0	V0.2	0	0	83	132	89	138	95	142	103	144	113	147	125	151	138	153	152	159	169	163	184	167	200	172	215	178	230	185	242	190	252	192	256	194	260	204	271	226	295	267	334	320	378	388	462	502	585	631	703	732	783	791	829	844	906	936	1000	963	928	752	634	442	385	314	327	315	320	312	298	298	280	291	271	285	263	277	251	261	235	240	217	219	198	199	183	181	168
64	170	1	2	119	0	1953125	12	0.0	1678	1.31	0	0	V0.2	0	0	118	75	124	81	127	88	130	98	134	109	137	123	141	138	145	155	148	169	152	188	158	205	166	221	175	237	184	250	189	259	196	268	202	281	222	301	248	337	294	387	351	450	443	558	561	675	671	770	751	838	811	900	888	982	956	1000	868	801	585	511	359	383	311	369	308	359	299	343	290	329	282	317	276	303	267	286	250	262	232	239	214	217	199	195	181
64	170	1	2	119	0	1953125	12	0.0	1675	1.31	0	0	V0.2	0	0	115	105	121	107	129	112	136	117	142	124	148	133	156	142	164	156	171	168	178	183	183	196	190	212	199	226	205	238	211	246	213	247	218	252	238	266	266	296	315	342	373	404	469	512	590	638	709	744	796	816	855	875	928	959	1000	990	912	803	616	500	372	339	325	317	329	307	321	291	309	277	300	269	293	260	280	248	260	229	239	213	218	195	197	179	175
64	170	1	2	119	0	1953125	12	0.0	1678	1.31	0	0	V0.2	0	0	82	110	91	112	99	115	109	116	118	120	128	123	140	131	151	138	161	146	173	158	184	170	196	184	207	196	218	207	227	216	234	221	244	229	264	245	294	279	342	327	398	389	487	496	607	619	718	716	797	782	854	843	929	926	1000	949	907	756	616	466	395	327	354	310	353	301	343	288	330	279	321	273	310	266	298	254	275	235	251	220	229	203	208	187	186
64	170	1	2	119	0	1953125	12	0.0	1675	1.31	0	0	V0.2	0	0	85	133	91	138	98	141	107	146	117	149	129	153	141	156	155	160	171	164	186	170	201	174	215	181	231	187	244	194	254	196	259	199	263	207	274	228	295	267	333	320	383	390	465	502	583	629	703	732	789	801	847	860	921	940	999	960	927	760	646	458	399	317	328	313	320	312	304	300	286	291	274	285	265	277	255	262	238	241	219	220	200	199	183	179	167
64	170	1	2	119	0	1953125	12	0.0	1678	1.31	0	0	V0.2	0	0	71	118	80	121	88	122	98	124	111	126	121	128	135	133	149	137	163	143	177	150	191	160	205	169	218	179	231	188	239	194	247	197	255	204	276	222	303	258	351	309	402	370	491	482	608	606	721	704	799	766	850	820	924	902	1000	929	918	736	626	438	398	301	355	295	355	291	342	278	327	273	315	268	304	260	290	250	269	232	245	216	224	202	203	186	183
64	170	1	2	119	0	1953125	12	0.0	1675	1.31	0	0	V0.2	0	0	78	133	86	136	92	138	102	140	113	142	126	144	140	146	154	151	172	155	187	159	200	164	214	170	229	177	242	183	250	185	256	184	259	192	277	212	300	248	340	300	387	365	472	478	592	605	707	702	785	760	831	815	911	908	1000	933	923	730	629	423	390	294	340	293	331	287	313	276	294	268	283	266	275	259	261	246	243	227	222	210	203	192	185	176	166
64	170	1	2	119	0	1953125	12	0.0	1678	1.31	0	0	V0.2	0	0	90	111	94	117	97	121	101	127	108	136	116	141	127	150	140	157	153	165	168	173	184	182	199	190	215	201	229	207	240	215	248	223	255	238	269	264	295	309	336	362	383	430	468	544	590	671	707	768	783	824	828	878	906	971	1000	996	922	776	621	468	383	358	336	362	328	355	311	339	294	328	286	320	278	309	267	290	252	266	231	243	216	221	199	199	183
64	170	1	2	119	0	1953125	12	0.0	1700	1.31	0	0	V0.2	0	0	125	104	128	113	129	123	133	133	137	145	141	155	147	167	157	178	168	191	181	202	194	216	211	228	229	243	244	254	258	266	269	275	282	295	304	324	331	364	369	410	413	473	493	578	608	693	712	780	781	835	828	893	909	983	990	1000	910	794	635	518	423	411	372	402	358	388	337	366	314	345	298	328	285	311	268	287	248	260	226	232	205	207	187	184	171
64	170	1	2	119	0	1953125	12	0.0	1678	1.31	0	0	V0.2	0	0	112	81	117	86	122	92	126	98	131	107	136	118	142	130	148	144	155	157	161	173	169	189	177	203	187	220	197	230	202	238	211	243	220	251	244	266	274	297	326	342	383	401	480	511	600	630	710	724	787	789	843	847	924	935	1000	962	905	762	606	468	387	329	356	314	355	302	341	285	328	276	320	271	312	265	297	251	276	235	252	219	229	203	208	187	186
64	170	1	2	119	0	1953125	12	0.0	1675	1.31	0	0	V0.2	0	0	81	133	87	136	96	138	106	141	117	142	130	144	143	148	157	152	172	155	186	160	200	165	214	172	229	180	241	186	249	188	255	190	260	195	275	212	298	247	339	298	388	363	472	477	590	599	703	697	783	760	837	821	918	910	1000	931	919	729	630	431	396	297	341	289	331	282	315	273	297	264	285	261	277	257	263	242	243	223	224	207	203	189	184	174	166
64	170	1	2	119	0	1953125	12	0.0	1678	1.31	0	0	V0.2	0	0	86	109	94	111	102	112	111	115	120	118	130	123	141	130	151	137	161	148	173	161	183	172	192	185	203	199	215	210	222	217	228	222	238	229	259	245	287	278	335	324	389	387	483	495	601	618	712	714	790	781	849	843	928	932	1000	954	905	758	612	468	393	329	351	311	348	300	339	286	326	277	318	271	308	265	293	253	274	236	250	219	229	204	207	186	185
64	170	1	2	119	0	1953125	12	0.0	1675	1.31	0	0	V0.2	0	0	94	120	100	123	107	124	117	127	128	131	139	134	149	140	160	147	172	155	182	165	193	174	203	186	216	196	223	205	233	210	235	211	243	215	259	229	287	258	331	305	387	368	476	475	595	601	709	702	795	773	852	831	926	914	1000	942	916	754	628	460	393	304	338	284	337	278	327	265	312	255	300	251	293	246	278	235	258	219	236	203	213	188	192	174	172
64	170	1	2	119	0	1953125	12	0.0	1678	1.31	0	0	V0.2	0	0	71	118	81	121	89	122	99	123	110	125	123	128	136	133	150	138	162	144	176	153	191	163	205	172	218	185	232	193	241	201	248	205	259	215	280	232	308	268	355	318	408	382	492	488	610	609	721	708	802	775	855	829	926	908	1000	931	917	743	633	453	407	317	362	305	360	299	348	287	331	278	321	272	309	265	295	253	273	235	248	217	226	202	206	187	184
64	170	1	2	119	0	1953125	12	0.0	1675	1.31	0	0	V0.2	0	0	86	131	91	135	96	141	106	144	114	148	125	151	138	156	153	161	168	166	184	170	198	176	213	182	228	188	240	194	251	198	255	200	258	209	271	232	291	272	330	327	378	396	461	513	581	637	700	744	787	807	839	863	914	949	1000	972	928	767	641	456	389	323	324	320	315	320	299	306	279	297	269	291	262	282	251	266	237	246	218	224	201	203	184	182	169
64	170	1	2	119	0	1953125	12	0.0	1698	1.31	0	0	V0.2	0	0	83	113	91	116	102	118	112	119	124	124	135	129	148	137	160	149	171	161	183	178	195	197	208	216	221	237	234	255	245	271	257	288	275	307	303	334	337	373	384	419	436	476	524	580	637	691	735	776	801	830	847	884	925	973	998	1000	904	807	621	534	431	426	402	410	395	392	376	368	356	346	338	328	322	312	303	290	278	264	251	240	229	218	208	198	188
64	170	1	2	119	0	1953125	12	0.0	1675	1.31	0	0	V0.2	0	0	129	89	133	97	135	107	138	118	140	128	143	142	146	154	149	168	155	183	160	196	165	210	172	224	180	236	187	247	193	253	193	258	196	267	207	284	231	317	274	362	330	424	423	533	545	655	660	750	741	820	802	884	886	975	961	1000	870	798	579	505	348	360	295	336	293	322	286	304	278	289	273	279	268	268	258	252	243	232	223	210	205	193	185	173	168
64	170	1	2	119	0	1953125	12	0.0	1678	1.31	0	0	V0.2	0	0	71	118	78	121	87	122	96	124	107	127	119	129	133	133	146	137	161	143	175	150	190	159	203	167	217	179	232	187	240	192	248	196	255	203	276	222	302	258	346	308	399	373	484	479	602	605	716	703	794	770	850	825	923	909	1000	932	916	736	628	443	402	307	356	299	352	294	337	282	323	275	312	271	302	264	288	253	268	236	245	218	224	203	204	187	182
64	170	1	2	119	0	1953125	12	0.0	1675	1.31	0	0	V0.2	0	0	81	131	86	134	93	139	101	141	112	144	123	147	135	151	151	155	167	160	181	163	195	167	211	176	226	181	239	187	248	188	252	189	255	199	270	222	291	261	329	312	373	381	459	499	581	625	699	721	772	780	822	838	906	935	1000	956	919	739	622	432	382	311	327	310	315	305	296	291	278	285	269	280	262	274	251	256	234	238	215	217	199	199	181	179	167
64	170	1	2	119	0	1953125	12	0.0	1678	1.31	0	0	V0.2	0	0	101	99	109	101	116	103	124	109	131	114	139	122	147	134	155	145	162	159	169	175	178	193	186	208	194	225	204	237	210	247	216	253	225	263	247	282	278	314	328	362	386	424	478	531	604	656	714	752	792	820	850	883	932	972	999	995	899	794	602	502	382	364	344	343	344	331	334	314	323	301	315	293	308	283	294	269	274	248	251	228	229	210	209	192	188
64	170	1	2	119	0	1953125	12	0.0	1700	1.31	0	0	V0.2	0	0	123	112	124	119	126	129	130	138	133	148	140	158	148	169	159	180	172	192	187	203	202	214	219	226	238	239	256	251	270	260	281	271	294	290	316	317	343	359	383	408	431	472	508	576	617	689	724	782	800	843	851	897	921	977	1000	995	929	799	657	519	436	406	382	397	369	386	349	365	326	345	306	327	291	309	274	287	253	259	231	233	210	209	190	185	172
64	170	1	2	119	0	1953125	12	0.0	1698	1.31	0	0	V0.2	0	0	73	115	80	119	90	120	99	123	112	126	124	130	138	136	152	142	167	150	183	163	199	175	216	189	234	205	250	219	264	230	278	243	298	261	326	288	359	326	404	370	452	427	533	528	642	639	741	722	805	774	850	825	923	909	1000	932	916	740	643	474	455	372	422	365	412	350	389	329	366	313	347	298	328	286	307	267	281	245	254	224	227	204	205	189	184
64	170	1	2	119	0	1953125	12	0.0	1675	1.31	0	0	V0.2	0	0	133	85	137	93	142	102	145	111	148	123	151	135	153	148	157	163	162	180	167	194	170	210	177	225	184	240	190	249	193	256	198	258	203	264	222	278	249	307	297	349	355	409	455	520	579	644	693	739	772	806	836	873	924	969	1000	994	899	791	600	493	371	341	325	314	324	300	316	283	306	270	298	262	291	252	276	239	258	222	236	205	213	189	193	173	173
64	170	1	2	119	0	1953125	12	0.0	1678	1.31	0	0	V0.2	0	0	71	118	79	121	88	122	98	125	110	127	121	129	135	133	149	138	162	143	176	151	190	160	204	170	218	180	231	188	240	194	249	199	257	205	277	224	304	260	350	310	404	375	489	483	605	605	717	703	800	773	855	829	927	908	1000	930	918	737	632	445	403	307	356	299	356	294	342	282	328	275	316	271	304	264	291	252	269	235	247	220	226	203	203	186	183
64	170	1	2	119	0	1953125	12	0.0	1700	1.31	0	0	V0.2	0	0	112	119	114	126	116	133	120	141	125	149	133	157	144	164	157	174	171	182	188	192	204	201	223	212	242	224	260	233	274	242	286	252	298	270	322	298	349	337	387	384	432	447	510	554	619	668	724	754	792	807	835	860	911	949	1000	970	923	763	645	484	434	383	387	378	374	364	349	342	325	325	306	310	291	294	274	271	251	247	228	223	206	198	186	180	169
64	170	1	2	119	0	1953125	12	0.0	1678	1.31	0	0	V0.2	0	0	112	81	117	87	121	91	125	98	131	107	135	117	142	131	148	143	154	159	160	175	167	190	177	206	186	221	195	233	202	242	209	246	220	256	244	271	275	302	322	344	379	405	477	516	598	633	704	722	778	785	835	851	925	946	1000	964	895	758	598	470	388	337	355	318	351	306	341	289	329	279	320	273	311	267	297	252	275	234	251	218	229	204	207	187	184
64	170	1	2	119	0	1953125	12	0.0	1700	1.31	0	0	V0.2	0	0	129	99	132	106	134	117	137	128	138	140	144	152	148	165	156	180	166	193	178	206	189	221	204	235	220	250	236	262	249	275	260	286	271	304	292	330	320	372	360	420	405	481	484	581	594	695	700	784	774	845	820	895	892	979	972	1000	897	800	624	524	410	414	360	406	350	392	329	368	307	347	291	329	280	311	264	287	244	259	222	233	202	207	186	185	170
64	170	1	2	119	0	1953125	12	0.0	1698	1.31	0	0	V0.2	0	0	100	96	107	100	116	104	122	108	131	116	139	124	147	136	156	150	166	165	175	183	186	203	198	221	210	241	225	260	235	274	248	289	266	309	295	334	330	371	377	414	431	470	518	571	629	681	730	764	799	821	848	876	927	962	1000	986	906	792	627	524	437	411	410	394	402	375	386	352	365	332	348	315	331	299	312	279	285	254	258	232	233	212	211	194	190
64	170	1	2	119	0	1953125	12	0.0	1675	1.31	0	0	V0.2	0	0	127	93	130	97	135	104	140	111	145	120	149	131	154	143	159	156	166	171	171	184	177	198	183	211	193	225	199	235	205	241	211	241	216	245	236	259	267	285	313	326	369	385	464	492	584	614	697	711	779	778	837	841	922	933	999	959	906	763	610	466	380	315	337	293	335	283	324	264	308	254	299	250	290	246	277	233	255	217	234	202	211	185	190	172	169
64	170	1	2	119	0	1953125	12	0.0	1678	1.31	0	0	V0.2	0	0	112	82	118	86	123	91	128	99	133	108	136	120	142	133	147	148	151	163	156	179	162	196	169	213	176	229	184	242	189	251	194	255	201	266	221	286	249	320	297	365	354	428	450	538	571	662	684	756	761	823	820	887	903	978	973	1000	876	796	579	500	355	366	315	350	314	337	306	321	297	309	292	298	286	290	276	273	258	252	238	230	219	211	203	192	184
64	170	1	2	119	0	1953125	12	0.0	1675	1.31	0	0	V0.2	0	0	118	100	124	104	131	109	137	114	142	121	149	132	155	142	161	155	166	170	173	185	177	199	184	214	191	227	199	240	203	246	205	249	211	253	228	268	257	299	304	343	362	403	458	513	582	642	698	742	779	811	838	875	923	969	1000	998	901	798	598	495	364	344	318	321	318	307	310	290	300	277	292	270	287	262	274	247	255	230	235	211	213	194	195	178	174
64	170	1	2	119	0	1953125	12	0.0	1678	1.31	0	0	V0.2	0	0	95	102	102	104	109	107	117	110	124	115	134	121	142	130	152	141	161	153	168	166	179	181	188	196	198	211	208	223	213	231	220	236	229	244	250	261	281	294	329	340	386	403	480	513	601	636	713	734	791	801	849	862	928	949	1000	976	902	776	604	481	382	341	344	323	344	313	335	297	323	286	315	280	307	271	293	257	273	240	250	222	228	207	208	189	186
64	170	1	2	119	0	1953125	12	0.0	1680	1.31	0	0	V0.2	0	0	84	126	88	131	95	135	103	139	111	143	122	147	134	152	148	157	163	161	178	167	194	172	209	179	225	187	238	193	247	197	253	200	256	210	270	231	290	273	329	326	381	399	468	514	582	635	698	739	787	816	852	882	931	956	1000	965	922	762	645	471	405	328	327	320	317	320	305	312	290	302	278	295	271	287	259	271	242	250	225	230	207	208	190	188	175
64	170	1	2	119	0	1953125	12	0.0	1678	1.31	0	0	V0.2	0	0	114	80	117	86	119	95	120	106	123	117	125	129	130	143	133	156	140	170	147	184	155	200	165	213	176	227	184	238	191	246	197	255	200	267	215	289	239	330	284	379	337	440	426	547	547	671	662	770	745	836	794	888	869	971	946	1000	869	800	577	500	339	368	296	360	300	351	292	332	283	317	277	306	273	294	265	278	248	253	229	231	214	212	199	192	181
64	170	1	2	119	0	1953125	12	0.0	1700	1.31	0	0	V0.2	0	0	127	100	133	103	139	110	143	117	148	126	155	140	162	152	169	168	175	185	182	204	190	221	199	241	211	260	220	276	231	289	240	300	253	316	279	339	312	375	356	415	407	469	493	567	607	681	712	768	782	824	830	878	912	971	992	1000	899	804	611	526	412	406	381	386	374	366	355	339	336	318	320	300	306	285	289	264	263	238	238	217	214	196	192	178	173
64	170	1	2	119	0	1953125	12	0.0	1678	1.31	0	0	V0.2	0	0	68	122	75	125	82	128	92	131	103	135	115	137	128	142	143	145	158	150	174	157	190	164	206	171	222	180	236	187	245	192	254	199	261	214	276	240	297	281	336	335	382	408	470	529	591	651	698	743	770	804	822	871	914	971	1000	980	906	754	606	460	379	352	326	351	314	342	297	331	283	322	275	315	270	304	260	286	243	262	227	240	212	217	196	197	182
64	170	1	2	119	0	1953125	12	0.0	1680	1.31	0	0	V0.2	0	0	98	111	104	114	113	116	121	120	130	124	139	130	147	136	158	146	167	155	175	167	184	179	193	192	204	204	214	214	220	221	224	222	231	228	249	241	276	270	322	314	380	377	472	486	589	609	702	709	785	781	849	849	931	934	1000	955	902	761	615	473	389	322	336	296	333	286	324	274	313	264	304	258	295	252	282	240	262	225	240	208	218	192	196	178	176
64	170	1	2	119	0	1953125	12	0.0	1678	1.31	0	0	V0.2	0	0	89	107	97	108	105	111	114	114	124	118	132	123	143	131	154	141	163	151	172	164	182	178	193	192	204	207	215	220	221	228	228	234	238	242	259	259	291	294	339	340	394	400	486	510	604	632	715	729	793	795	849	855	928	941	1000	968	906	771	609	478	387	338	352	322	353	311	342	296	329	284	320	277	310	269	296	256	275	238	250	221	230	205	208	189	184
64	170	1	2	119	0	1953125	12	0.0	1675	1.31	0	0	V0.2	0	0	119	101	126	105	132	109	138	114	142	123	151	132	155	143	162	156	168	171	174	185	179	201	186	215	192	229	199	242	204	248	207	251	211	256	230	271	260	300	307	345	364	405	460	516	582	641	698	744	783	815	844	883	925	972	998	1000	903	802	604	502	369	348	320	322	320	311	311	293	302	279	294	271	288	263	276	249	256	231	236	213	215	194	195	180	176
64	170	1	2	119	0	1953125	12	0.0	1678	1.31	0	0	V0.2	0	0	108	88	115	93	121	95	126	101	132	110	137	119	144	132	149	146	155	159	161	176	167	193	175	209	182	225	191	238	194	247	200	252	209	262	229	279	259	313	308	357	363	417	460	528	582	654	694	749	771	812	823	873	909	970	987	1000	889	793	581	491	357	357	324	341	326	327	315	309	306	298	300	290	294	280	282	265	263	244	242	226	224	210	205	190	183
64	170	1	2	119	0	1953125	12	0.0	1680	1.31	0	0	V0.2	0	0	95	108	103	111	111	114	119	116	128	120	136	125	145	133	155	143	165	153	174	166	182	177	191	192	202	203	210	215	216	221	222	224	229	229	248	243	277	275	323	318	379	380	471	489	592	615	705	714	785	782	844	846	927	936	1000	960	904	765	610	471	384	323	338	302	337	293	328	278	316	267	306	262	298	255	285	244	265	228	243	212	220	195	200	182	179
64	170	1	2	119	0	1953125	12	0.0	1678	1.31	0	0	V0.2	0	0	86	110	94	113	101	114	110	117	119	119	130	125	141	131	150	139	161	148	173	159	184	172	196	184	207	196	218	206	224	214	231	218	240	224	259	239	287	272	334	319	393	383	481	490	597	611	709	711	794	787	862	855	939	933	1000	948	907	758	625	474	400	323	348	301	346	295	338	284	327	275	316	269	308	262	292	250	272	235	248	217	227	203	206	187	184
64	170	1	2	119	0	1953125	12	0.0	1675	1.31	0	0	V0.2	0	0	103	114	109	117	118	120	126	121	133	127	143	132	152	138	162	150	171	160	180	171	189	184	197	197	208	208	215	218	222	225	225	225	231	229	251	244	279	273	326	316	380	376	472	486	594	612	708	715	791	782	843	839	923	927	1000	962	914	769	615	469	379	313	334	295	336	287	325	270	311	258	301	253	293	247	279	235	259	220	236	203	214	189	194	175	173
64	170	1	2	119	0	1953125	12	0.0	1675	1.31	0	0	V0.2	0	0	113	107	116	113	119	121	122	129	126	137	130	147	136	157	144	168	154	177	163	188	174	197	184	208	196	218	205	226	212	232	214	236	216	248	225	268	240	302	276	351	323	418	417	537	542	656	647	743	722	807	782	879	880	989	971	1000	864	768	566	474	344	360	292	346	277	329	262	313	252	301	249	293	247	282	238	261	223	239	207	218	193	196	178	175	164
64	170	1	2	119	0	1953125	12	0.0	1673	1.31	0	0	V0.2	0	0	83	127	89	132	95	134	102	138	112	142	122	144	134	150	148	153	162	158	175	163	190	169	206	176	221	183	233	188	242	191	247	195	252	205	264	223	282	259	317	311	367	383	454	499	574	619	679	707	755	778	822	852	916	952	1000	952	900	731	612	442	389	326	330	314	312	304	292	293	278	290	271	285	263	276	252	259	234	239	216	220	200	201	185	181	166
64	170	1	2	119	0	1953125	12	0.0	1675	1.31	0	0	V0.2	0	0	80	130	85	133	93	137	103	140	113	142	126	145	138	147	151	151	167	156	181	160	195	165	210	171	225	178	237	184	245	186	251	187	255	195	268	213	287	247	324	298	374	368	461	484	579	602	686	692	760	760	825	829	915	928	1000	934	900	713	610	428	393	309	334	297	318	289	300	278	285	274	275	271	267	262	253	247	236	228	216	210	198	192	180	174	164
64	170	1	2	119	0	1953125	12	0.0	1673	1.31	0	0	V0.2	0	0	89	125	94	129	98	134	105	138	113	143	122	147	133	153	146	157	160	164	176	169	188	176	204	183	218	191	232	196	239	200	245	205	250	216	259	236	275	274	313	327	362	398	450	520	572	640	681	730	757	797	819	867	912	968	1000	974	902	747	608	449	378	335	319	328	303	318	284	305	270	299	264	295	257	284	248	267	232	246	214	224	199	205	185	184	169
64	170	1	2	119	0	1953125	12	0.0	1675	1.31	0	0	V0.2	0	0	83	130	87	133	94	137	103	141	112	144	124	147	136	150	150	155	166	159	181	164	194	168	209	174	224	181	237	187	246	189	250	191	254	199	267	220	285	253	320	304	367	374	455	494	576	612	679	698	751	762	811	834	908	940	1000	944	898	717	604	428	386	318	329	306	311	297	291	284	275	280	268	276	258	267	247	251	229	230	210	212	195	192	177	174	161
64	170	1	2	119	0	1953125	12	0.0	1673	1.31	0	0	V0.2	0	0	91	113	98	115	105	116	113	119	123	123	132	126	142	133	152	138	163	149	172	159	183	171	194	182	204	193	214	202	220	207	225	210	233	215	250	228	275	255	317	299	373	363	465	474	586	593	688	680	760	747	824	819	921	925	1000	937	885	724	586	438	381	312	343	292	331	275	316	261	306	256	300	253	292	247	276	234	255	218	234	203	214	189	193	174	171
64	170	1	2	119	0	1953125	12	0.0	1675	1.31	0	0	V0.2	0	0	87	128	92	133	99	137	106	141	115	145	127	149	137	153	151	157	165	164	180	167	193	173	209	179	223	187	236	192	243	195	249	198	252	207	263	226	281	261	316	312	363	384	450	502	571	622	679	713	756	781	821	855	915	953	1000	957	901	734	612	444	388	326	326	314	308	306	290	294	275	288	265	281	259	274	247	257	229	236	213	217	196	195	178	176	163
64	170	1	2	119	0	1953125	12	0.0	1678	1.31	0	0	V0.2	0	0	76	115	81	119	88	124	93	127	104	133	113	136	125	141	139	147	154	152	169	157	185	165	201	174	218	182	232	190	243	194	252	202	261	214	275	236	296	271	335	326	387	397	475	512	591	628	694	717	772	787	837	858	926	948	1000	945	898	728	618	451	406	339	351	329	335	322	320	312	306	306	296	300	287	290	274	273	256	252	234	232	217	212	199	192	180
64	170	1	2	119	0	1953125	12	0.0	1675	1.31	0	0	V0.2	0	0	98	123	102	129	108	135	113	139	117	144	126	152	136	158	148	165	161	171	174	179	187	187	203	195	218	203	228	209	237	213	240	216	242	228	253	251	270	290	307	344	354	414	445	534	568	659	681	751	757	816	816	882	905	984	1000	997	903	767	603	463	368	346	309	341	295	331	278	317	263	307	256	300	253	290	244	270	228	247	211	225	195	203	181	182	166
64	170	1	2	119	0	1953125	12	0.0	1678	1.31	0	0	V0.2	0	0	113	77	119	81	123	86	127	97	133	108	135	121	139	136	142	152	146	167	150	185	155	201	164	218	173	233	184	244	189	253	196	261	205	274	223	295	245	328	287	378	343	444	435	559	561	676	665	760	738	824	802	897	899	1000	981	999	875	768	584	482	373	376	325	364	311	350	295	334	285	326	281	318	276	306	264	285	248	262	231	239	214	218	199	197	182
64	170	1	2	119	0	1953125	12	0.0	1675	1.31	0	0	V0.2	0	0	86	128	93	130	101	132	111	133	122	135	133	138	146	141	158	147	171	153	184	160	196	167	209	177	221	184	231	192	239	196	243	196	250	202	266	214	287	243	329	290	381	355	470	468	586	584	692	681	774	751	836	816	921	909	1000	924	903	721	616	435	396	298	342	280	331	271	316	259	302	253	290	249	281	244	267	232	247	215	224	200	205	184	184	169	165
64	170	1	2	119	0	1953125	12	0.0	1673	1.31	0	0	V0.2	0	0	117	88	124	93	128	95	133	104	139	111	142	122	146	136	153	151	158	166	162	181	166	198	172	214	179	229	186	240	188	247	191	251	198	259	216	275	244	305	289	346	345	406	446	523	572	648	679	736	749	794	803	859	898	975	987	1000	872	778	557	476	341	354	314	334	308	316	295	295	287	284	284	278	279	269	268	253	249	231	228	215	211	197	193	179	174
64	170	1	2	119	0	1953125	12	0.0	1675	1.31	0	0	V0.2	0	0	82	127	88	129	97	131	108	132	118	135	131	136	141	139	155	144	169	151	182	156	194	162	207	171	219	180	231	187	238	189	243	190	249	194	265	208	288	238	327	282	376	346	466	462	586	582	688	667	759	728	814	794	910	902	1000	917	893	700	592	409	384	290	341	276	328	264	309	250	295	246	285	244	277	240	264	226	241	210	221	195	199	181	181	165	161
64	170	1	2	119	0	1953125	12	0.0	1673	1.31	0	0	V0.2	0	0	126	81	131	87	134	95	136	104	139	116	142	128	144	143	148	158	150	173	154	188	160	204	166	218	172	233	180	244	182	249	185	255	190	264	204	281	225	310	267	355	324	419	419	533	545	652	647	738	722	806	790	883	888	989	966	1000	853	775	555	487	340	364	293	344	282	327	271	309	265	298	262	291	260	280	249	262	233	240	217	221	202	200	186	181	168
64	170	1	2	119	0	1953125	12	0.0	1675	1.31	0	0	V0.2	0	0	94	124	99	128	106	131	115	135	123	137	135	142	146	144	158	149	173	156	186	161	200	166	214	173	229	181	241	186	250	189	256	191	259	200	273	221	289	258	323	311	368	384	455	509	575	632	680	724	755	793	814	868	911	976	1000	984	896	756	598	463	369	349	306	340	289	328	270	314	255	304	252	297	249	286	240	266	225	243	210	220	195	200	180	178	164
64	170	1	2	119	0	1953125	12	0.0	1678	1.31	0	0	V0.2	0	0	67	117	75	120	83	122	92	125	104	126	114	129	129	132	143	136	157	140	171	147	186	157	202	165	216	174	230	182	238	187	248	192	257	202	276	221	299	255	342	304	392	369	480	482	596	598	696	683	767	746	827	813	918	912	1000	919	892	702	601	423	400	314	360	303	348	292	330	280	315	275	306	272	296	265	282	251	261	234	239	218	219	200	197	183	177
64	170	1	2	119	0	1953125	12	0.0	1675	1.31	0	0	V0.2	0	0	109	117	111	121	116	130	119	136	125	144	132	152	139	159	147	168	159	176	170	185	182	195	195	203	207	213	218	220	226	225	229	229	232	240	241	259	256	297	291	349	342	418	431	535	552	655	662	752	747	824	815	896	906	993	986	1000	888	781	601	487	368	360	303	344	288	332	272	318	262	309	257	300	253	288	243	269	228	247	212	224	196	201	182	182	167
64	170	1	2	119	0	1953125	12	0.0	1678	1.31	0	0	V0.2	0	0	83	112	88	119	93	124	99	129	106	135	116	140	127	146	139	152	154	158	169	165	186	174	202	182	218	191	233	199	244	204	252	211	260	226	277	251	299	289	338	343	387	410	471	524	591	646	697	733	770	796	829	861	915	957	1000	964	904	741	613	453	397	349	348	346	333	335	315	322	299	314	290	308	281	296	269	278	251	254	230	234	214	212	196	193	180
64	170	1	2	119	0	1953125	12	0.0	1675	1.31	0	0	V0.2	0	0	112	111	115	118	117	124	121	133	124	141	132	149	139	159	147	168	156	178	167	187	176	196	188	206	200	216	211	225	219	230	221	235	223	246	232	266	247	302	284	352	334	422	424	537	546	658	656	751	738	822	801	891	890	987	972	1000	878	780	587	487	357	359	293	345	282	334	269	319	258	306	253	297	249	285	241	267	226	244	211	221	196	199	179	178	165
64	170	1	2	119	0	1953125	12	0.0	1678	1.31	0	0	V0.2	0	0	81	113	86	118	90	123	96	128	104	133	113	138	125	145	138	151	152	156	167	163	184	170	199	179	217	189	231	196	241	201	250	210	258	222	273	247	294	288	335	341	384	410	471	528	589	647	697	737	772	799	827	862	915	958	1000	966	905	742	612	451	392	347	343	344	329	336	312	323	297	315	288	309	281	298	268	280	251	258	232	236	214	216	198	195	181
64	170	1	2	119	0	1953125	12	0.0	1675	1.31	0	0	V0.2	0	0	101	123	105	128	109	134	114	140	120	146	129	153	138	160	149	167	161	175	175	181	187	188	202	197	216	205	228	213	235	217	240	221	243	233	252	255	268	292	304	344	352	415	441	534	566	659	676	751	756	819	816	890	913	992	999	1000	901	772	605	473	373	352	310	341	294	331	276	317	264	308	257	299	251	289	243	270	229	248	212	225	196	203	182	182	166
64	170	1	2	119	0	1953125	12	0.0	1678	1.31	0	0	V0.2	0	0	81	112	86	119	91	123	97	129	105	133	112	139	126	145	138	150	152	157	168	163	185	172	200	180	218	189	233	196	242	201	251	209	259	223	275	248	296	287	336	342	387	411	471	524	589	645	698	738	776	803	835	868	918	959	1000	966	909	748	620	458	398	347	345	345	333	338	314	324	300	317	290	309	283	301	270	281	252	260	233	237	216	216	198	195	181
64	170	1	2	119	0	1953125	12	0.0	1700	1.31	0	0	V0.2	0	0	122	108	124	116	125	125	128	134	131	144	137	155	145	166	156	177	168	189	182	199	196	211	213	224	231	235	248	247	263	258	274	266	286	287	308	313	332	352	371	400	416	462	495	570	607	682	710	767	777	822	827	881	912	980	999	992	910	776	628	501	424	405	377	394	361	379	337	356	314	338	297	322	284	304	267	280	245	253	224	227	203	203	184	183	169
64	170	1	2	119	0	1953125	12	0.0	1678	1.31	0	0	V0.2	0	0	71	122	76	126	85	128	93	132	106	135	116	137	131	141	145	146	161	150	176	157	194	165	210	172	225	183	241	190	252	196	260	203	270	216	286	241	307	278	346	332	394	403	480	523	597	640	698	728	774	794	832	863	921	959	1000	964	901	742	614	460	397	354	343	348	327	340	309	329	294	321	283	313	275	302	263	283	246	260	227	238	212	217	196	195	179
64	170	1	2	119	0	1953125	12	0.0	1675	1.31	0	0	V0.2	0	0	104	122	107	127	111	134	115	138	120	146	129	153	138	160	149	169	162	176	174	182	187	190	201	200	215	208	226	215	235	220	238	224	238	234	248	255	264	295	301	349	349	416	436	532	558	657	673	755	757	821	812	883	896	980	985	1000	902	781	606	473	364	348	301	343	291	332	274	317	259	306	251	299	250	288	241	269	225	246	210	224	195	202	180	181	165
64	170	1	2	119	0	1953125	12	0.0	1678	1.31	0	0	V0.2	0	0	68	118	76	121	83	122	93	124	106	126	117	129	131	132	145	136	160	141	174	149	189	156	202	166	218	176	231	184	240	190	248	195	259	205	278	224	304	257	346	304	396	369	486	482	601	600	704	686	775	745	830	808	917	907	1000	923	899	710	606	424	400	310	363	303	355	293	335	278	320	272	310	269	300	261	286	249	265	231	241	214	221	199	200	184	179
64	170	1	2	119	0	1953125	12	0.0	1675	1.31	0	0	V0.2	0	0	97	118	104	120	111	121	122	124	130	127	140	132	148	137	159	145	170	154	179	166	188	176	199	189	209	200	217	209	223	213	226	214	234	218	250	230	276	257	319	298	371	357	465	474	587	596	691	683	764	746	822	813	917	920	1000	940	887	728	587	438	376	306	337	284	327	270	313	254	300	246	293	243	284	236	269	225	249	208	227	195	206	181	185	165	165
64	170	1	2	119	0	1953125	12	0.0	1678	1.31	0	0	V0.2	0	0	112	80	119	85	123	90	128	99	133	108	137	119	141	132	146	149	150	164	155	180	161	197	167	215	175	233	184	244	187	254	193	262	202	273	221	293	248	325	296	373	354	435	445	540	567	663	677	757	755	826	817	887	896	980	968	1000	869	797	577	504	357	376	316	357	314	345	305	329	296	316	290	306	284	294	274	278	256	255	237	234	219	213	201	192	182
64	170	1	2	119	0	1953125	12	0.0	1700	1.31	0	0	V0.2	0	0	110	116	118	117	127	119	135	123	143	129	151	137	161	149	169	161	177	178	186	195	194	214	204	233	214	252	224	269	232	283	241	295	253	312	277	335	306	367	350	409	400	464	484	566	601	680	700	762	767	817	815	872	897	972	978	1000	877	797	592	524	398	412	364	394	356	373	336	348	315	326	303	311	289	294	272	272	249	246	227	222	205	198	184	179	169
64	170	1	2	119	0	1953125	12	0.0	1678	1.31	0	0	V0.2	0	0	123	73	127	80	129	89	131	101	135	112	137	125	140	141	144	157	148	173	152	190	159	206	166	224	175	239	183	251	189	260	195	269	204	283	223	304	251	337	297	382	352	441	447	553	569	669	675	759	750	818	803	877	892	977	971	1000	866	789	567	495	357	375	328	361	326	343	313	321	303	307	299	297	291	285	279	268	259	244	239	224	219	205	200	187	181
64	170	1	2	119	0	1953125	12	0.0	1675	1.31	0	0	V0.2	0	0	108	113	114	114	121	118	130	121	136	125	146	133	154	139	162	152	172	163	178	173	186	187	195	201	204	214	211	223	217	231	221	230	225	235	243	247	270	277	315	317	372	377	465	488	586	612	695	706	775	774	833	836	919	937	1000	963	894	759	594	465	375	323	332	300	328	285	315	268	303	257	296	253	287	244	274	233	253	214	231	200	210	184	189	170	167
64	170	1	2	119	0	1953125	12	0.0	1678	1.31	0	0	V0.2	0	0	84	108	91	110	100	111	108	114	119	117	128	122	139	130	150	137	160	146	170	158	182	170	193	184	203	199	214	209	221	217	229	222	239	231	260	247	287	277	334	324	390	385	481	496	601	616	705	707	782	775	843	840	929	934	1000	949	892	747	600	461	392	331	354	311	348	299	337	286	325	277	317	272	307	264	291	250	271	232	247	217	228	201	205	186	184
64	170	1	2	119	0	1953125	12	0.0	1675	1.31	0	0	V0.2	0	0	80	132	87	135	96	137	106	140	117	141	130	144	142	145	155	150	172	156	186	160	199	165	214	172	226	178	238	186	247	187	253	189	257	193	271	210	293	244	334	293	384	359	465	473	586	596	699	693	779	760	837	819	915	909	1000	932	917	728	628	429	393	294	337	285	328	280	311	269	293	262	282	258	273	253	261	240	242	222	222	205	201	187	182	171	163
64	170	1	2	119	0	1953125	12	0.0	1678	1.31	0	0	V0.2	0	0	71	118	78	122	85	124	94	129	103	133	113	139	125	145	136	152	149	159	164	169	176	179	190	189	203	204	216	214	222	223	226	233	231	252	241	277	259	318	297	370	347	437	435	552	555	672	663	763	740	826	796	889	880	983	958	1000	862	790	569	498	350	377	312	361	312	346	302	324	295	310	293	299	290	286	279	268	260	245	241	225	223	207	204	189	184
64	170	1	2	119	0	1953125	12	0.0	1675	1.31	0	0	V0.2	0	0	86	127	93	128	101	130	111	132	122	135	133	137	145	140	158	146	171	152	184	159	196	166	205	176	220	185	230	193	236	196	242	197	248	200	264	215	288	244	329	288	380	352	470	468	588	587	694	677	769	743	829	807	916	906	999	923	900	717	606	427	391	295	342	277	332	268	316	255	300	249	292	247	282	240	267	227	246	212	224	198	203	182	184	168	163
64	170	1	2	119	0	1953125	12	0.0	1678	1.31	0	0	V0.2	0	0	121	75	125	83	129	91	132	100	136	112	139	124	143	138	147	155	152	170	157	188	164	205	171	221	180	239	190	251	195	261	200	268	210	280	231	299	260	331	308	376	366	434	458	544	583	664	692	756	769	820	826	880	912	979	990	1000	884	790	585	498	374	372	342	352	339	335	327	315	317	301	310	291	302	281	290	264	269	243	245	223	226	207	205	189	186
64	170	1	2	119	0	1953125	12	0.0	1675	1.31	0	0	V0.2	0	0	103	122	106	127	109	134	115	140	122	146	129	153	138	160	149	167	162	175	175	182	187	190	201	198	215	207	226	214	235	218	239	221	240	233	250	254	266	292	302	346	352	416	437	531	562	658	675	754	758	825	822	893	909	989	992	1000	902	778	609	478	374	353	306	340	293	333	278	319	264	308	257	300	252	289	244	270	229	249	212	226	197	204	183	182	167
64	170	1	2	119	0	1953125	12	0.0	1678	1.31	0	0	V0.2	0	0	81	113	86	118	90	123	95	128	104	132	113	138	125	145	139	151	152	157	168	163	185	173	201	180	216	189	232	196	241	201	250	209	258	223	274	246	294	285	333	339	383	409	468	526	588	646	695	735	771	801	832	867	918	960	999	966	906	745	617	456	396	346	342	342	328	335	313	324	297	316	289	309	281	299	269	282	252	259	233	238	215	217	199	196	182
64	170	1	2	119	0	1953125	12	0.0	1675	1.31	0	0	V0.2	0	0	104	118	107	123	111	132	116	138	121	145	129	151	138	159	149	168	161	176	171	183	185	192	198	200	211	209	223	216	232	221	235	224	236	235	246	256	262	294	298	346	346	415	433	533	555	655	668	752	750	819	811	887	901	987	989	1000	896	777	604	477	368	353	302	340	289	332	275	318	261	307	255	299	250	287	241	269	226	246	210	224	194	202	181	181	166
64	170	1	2	119	0	1953125	12	0.0	1678	1.31	0	0	V0.2	0	0	93	106	96	112	100	118	104	125	110	132	116	139	127	147	138	154	149	163	162	171	178	182	191	191	207	201	222	209	231	216	237	222	244	237	257	261	278	302	319	356	369	425	455	541	578	666	690	759	768	825	829	893	918	988	1000	995	903	771	612	478	386	364	329	357	318	348	302	336	289	327	282	319	276	305	265	289	250	265	230	242	216	220	199	198	183
64	170	1	2	119	0	1953125	12	0.0	1675	1.31	0	0	V0.2	0	0	100	123	103	129	108	136	115	142	121	148	130	154	140	160	152	168	165	173	178	181	191	187	205	196	219	205	231	212	240	216	243	220	247	230	256	251	271	289	309	345	361	414	446	530	567	654	683	756	771	832	839	901	923	989	1000	997	911	783	627	485	388	350	314	337	299	331	286	319	272	310	264	302	258	290	248	272	233	250	215	228	200	205	184	184	169
64	170	1	2	119	0	1953125	12	0.0	1678	1.31	0	0	V0.2	0	0	73	116	82	120	91	120	101	123	113	125	124	127	137	132	150	138	164	145	177	154	190	166	204	177	218	188	230	199	238	206	246	211	257	219	278	237	304	270	351	319	405	380	489	487	608	608	718	704	794	767	848	822	923	911	1000	935	908	736	615	448	401	318	363	306	360	297	346	283	330	272	318	269	310	262	293	248	273	231	247	214	225	200	204	183	181
64	170	1	2	119	0	1953125	12	0.0	1675	1.31	0	0	V0.2	0	0	121	99	123	106	126	114	129	123	131	134	135	144	138	155	144	168	151	179	159	192	168	203	177	216	187	228	195	236	201	243	202	247	204	258	214	278	232	312	270	361	322	425	413	540	537	660	648	754	727	818	787	883	874	982	956	1000	859	785	567	489	336	360	284	345	278	331	267	314	259	300	253	290	252	279	243	260	228	238	212	215	196	195	180	174	164
64	170	1	2	119	0	1953125	12	0.0	1678	1.31	0	0	V0.2	0	0	84	113	89	117	93	122	99	128	106	134	115	139	126	147	139	152	152	159	168	167	183	175	199	183	215	193	230	202	240	205	248	212	255	227	270	251	292	291	332	347	382	414	466	529	586	650	695	745	775	811	835	873	916	965	1000	976	910	758	621	463	394	349	338	347	328	340	311	327	296	319	286	312	279	301	268	283	252	262	233	238	214	218	199	197	182
64	170	1	2	119	0	1953125	12	0.0	1675	1.31	0	0	V0.2	0	0	112	112	113	118	116	124	119	132	125	141	131	149	138	158	146	167	157	178	167	186	177	195	189	205	201	216	213	223	219	229	223	232	224	242	231	264	249	301	287	352	335	417	421	530	542	655	660	755	741	821	798	881	882	978	969	1000	883	786	594	485	355	356	293	344	284	333	270	318	259	306	252	295	249	286	241	266	227	244	210	221	194	200	179	178	165
64	170	1	2	119	0	1953125	12	0.0	1673	1.31	0	0	V0.2	0	0	130	84	134	91	137	97	139	107	143	116	146	127	149	142	155	157	158	171	164	188	170	203	176	218	184	233	190	242	195	249	200	252	207	257	224	269	252	298	301	340	362	398	455	507	583	634	696	729	777	797	839	859	923	954	1000	982	900	777	595	475	371	330	333	307	330	291	319	274	308	263	302	258	295	252	281	238	260	221	238	206	217	190	196	176	174
64	170	1	2	119	0	1953125	12	0.0	1675	1.31	0	0	V0.2	0	0	81	132	86	135	95	140	104	142	113	143	126	146	139	149	153	153	168	157	183	162	198	167	213	173	227	179	240	185	249	187	254	189	259	196	272	214	291	250	328	301	377	368	460	482	581	608	692	700	771	769	832	833	916	926	1000	940	911	728	624	434	395	306	333	297	320	291	303	281	285	274	274	270	266	263	254	249	237	230	218	212	199	193	181	175	164
64	170	1	2	119	0	1953125	12	0.0	1678	1.31	0	0	V0.2	0	0	92	110	97	116	99	121	104	127	109	135	118	141	128	149	139	157	152	164	166	172	183	183	198	191	214	201	228	209	238	216	247	223	255	240	270	263	291	304	331	358	380	427	462	539	585	664	696	758	777	826	838	890	920	978	999	990	913	774	627	481	398	364	339	359	329	353	313	339	298	328	287	319	280	309	270	290	252	265	233	242	216	221	200	198	183
64	170	1	2	119	0	1953125	12	0.0	1675	1.31	0	0	V0.2	0	0	104	121	107	125	110	132	116	140	121	146	128	152	138	158	147	167	160	174	173	183	187	191	199	199	213	208	225	215	233	219	236	223	237	234	246	256	263	294	299	347	348	416	433	532	559	659	674	757	757	826	816	889	903	984	987	1000	900	781	609	479	368	350	301	341	292	334	276	319	262	308	256	299	250	288	242	270	227	247	212	226	196	202	181	183	167
64	170	1	2	119	0	1953125	12	0.0	1678	1.31	0	0	V0.2	0	0	86	111	91	117	94	122	100	127	107	134	115	140	126	146	138	154	151	161	167	167	182	177	199	186	215	196	231	204	240	210	249	217	255	232	268	256	291	298	333	355	384	421	464	535	588	662	702	759	784	826	841	884	918	970	1000	985	915	769	626	472	393	353	335	352	325	346	311	334	296	325	286	316	278	305	269	288	252	264	233	241	217	220	200	198	184
