34928	35048	35167	35286	35405	35524	35644	35763	35882	36001	36120	36240	36359	36478	36597	36716	36836	36955	37074	37193	37313	37432	37551	37670	37789	37909	38028	38147	38266	38385	38505	38624	38743	38862	38981	39101	39220	39339	39458	39577	39697	39816	39935	40054	40174	40293	40412	40531	40650	40770	40889	41008	41127	41246	41366	41485	41604	41723	41842	41962	42081	42200	42319	42439	42558	42677	42796	42915	43035	43154	43273	43392	43511	43631	43750	43869	43988	44107	44227	44346	44465	44584	44703	44823	44942
64	170	1	2	119	0	1953125	12	0.0	0	0.37	0	0	V0.2	0	0	3	1	4	8	11	13	15	16	16	15	14	12	8	4	0	4	9	15	19	23	27	29	31	33	33	31	32	33	29	25	26	36	49	74	88	127	170	197	240	294	304	321	387	411	397	455	493	529	603	726	800	841	974	1000	958	945	855	684	570	466	360	277	247	212	179	164	148	125	109	102	88	74	64	54	41	31	21	10	4	7	13	19	22	25	26
64	170	1	2	119	0	1953125	12	0.0	0	0.37	0	0	V0.2	0	0	1	1	5	8	11	13	15	16	15	15	14	10	7	4	0	5	11	16	20	25	28	31	33	34	34	32	34	35	30	26	28	36	48	73	86	125	169	198	241	294	305	326	391	415	399	452	488	524	596	718	796	837	977	1000	962	957	864	685	572	465	357	272	240	210	179	164	150	128	113	105	92	78	69	58	44	34	22	11	2	6	14	20	24	27	28
64	170	1	2	119	0	1953125	12	0.0	0	0.37	0	0	V0.2	0	0	4	1	2	6	9	12	15	15	16	17	15	14	10	6	1	2	8	13	18	23	26	30	32	35	35	33	35	36	33	29	30	38	49	71	82	121	165	194	238	293	306	329	399	420	403	456	489	522	591	714	782	823	974	1000	962	967	876	693	580	472	355	265	232	201	170	155	145	125	110	104	91	77	69	59	45	36	25	15	4	3	11	18	21	25	25
64	170	1	2	119	0	1953125	12	0.0	0	0.37	0	0	V0.2	0	0	3	0	4	7	11	13	16	16	17	16	14	12	8	5	0	4	10	15	20	25	29	32	34	35	35	33	35	36	32	27	28	36	49	72	84	124	167	196	239	293	306	329	396	419	402	458	493	526	599	719	788	835	977	1000	965	967	873	692	581	474	359	273	241	207	176	161	148	127	112	104	91	78	68	58	44	34	23	11	3	6	13	19	23	25	27
64	170	1	2	119	0	1953125	12	0.0	0	0.37	0	0	V0.2	0	0	3	1	4	7	10	13	14	16	16	16	14	12	9	6	1	3	9	14	18	22	26	29	32	33	33	32	35	36	32	28	30	37	47	70	80	118	164	194	237	293	307	329	399	419	399	451	479	512	584	706	778	829	975	999	966	966	873	687	571	462	343	255	226	198	167	154	145	124	110	104	91	77	69	61	47	38	26	15	6	1	10	16	20	24	26
64	170	1	2	119	0	1953125	12	0.0	0	0.37	0	0	V0.2	0	0	2	0	2	6	9	12	14	15	16	16	14	12	9	5	1	3	8	13	17	22	26	29	32	33	34	33	34	36	33	29	31	39	51	72	84	124	167	194	238	293	306	329	397	419	407	467	501	533	602	727	798	841	979	999	963	963	873	698	587	484	369	283	248	212	178	162	149	125	110	103	88	73	65	54	41	31	22	12	4	7	14	19	23	25	25
64	170	1	2	119	0	1953125	12	0.0	0	0.37	0	0	V0.2	0	0	2	1	3	7	11	13	14	17	16	16	15	12	9	5	0	5	8	14	18	23	27	29	32	34	34	32	34	35	31	27	30	39	51	75	88	127	170	198	240	294	305	327	394	419	407	462	496	533	606	725	797	838	979	1000	964	967	870	691	583	479	365	278	245	209	177	160	149	124	110	103	88	75	67	57	43	33	22	11	4	6	13	18	22	25	26
64	170	1	2	119	0	1953125	12	0.0	0	0.37	0	0	V0.2	0	0	3	0	3	7	10	12	15	16	17	17	16	14	11	6	2	4	9	15	20	25	29	32	34	36	36	34	35	37	33	28	28	38	49	72	85	124	168	197	238	294	307	328	398	421	403	460	495	528	600	721	790	836	978	1000	963	964	872	690	579	475	360	275	244	210	177	162	149	125	112	105	91	75	67	57	43	32	22	11	3	8	14	20	23	25	26
64	170	1	2	119	0	1953125	12	0.0	0	0.37	0	0	V0.2	0	0	4	0	2	6	10	13	14	16	16	16	15	12	10	5	1	3	9	13	18	23	26	30	32	35	34	33	35	36	32	29	29	38	50	74	86	124	168	197	240	295	309	330	398	422	406	461	491	526	598	716	791	839	976	1000	970	967	873	695	581	473	359	270	239	206	173	159	147	126	111	106	90	77	69	57	45	35	24	13	4	4	12	17	22	25	26
64	170	1	2	119	0	1953125	12	0.0	0	0.37	0	0	V0.2	0	0	3	1	2	6	9	13	15	17	17	17	15	13	10	7	1	4	9	15	19	24	27	31	34	36	36	35	36	37	33	28	29	37	49	73	87	126	170	199	244	298	311	330	399	421	404	457	493	529	603	720	796	845	981	999	966	962	868	691	577	468	359	275	243	212	180	164	154	127	113	107	91	77	67	56	43	32	21	10	3	8	16	21	25	27	28
64	170	1	2	119	0	1953125	12	0.0	0	0.37	0	0	V0.2	0	0	3	0	3	6	9	12	14	16	16	15	14	12	8	5	1	3	8	14	18	22	27	29	32	34	33	32	35	36	32	27	30	38	50	74	87	125	169	197	240	294	307	327	396	418	403	456	491	527	599	716	789	837	978	1000	968	969	873	692	580	470	356	271	238	205	173	158	148	126	112	105	92	78	69	58	45	35	24	13	3	5	11	18	22	25	26
64	170	1	2	119	0	1953125	12	0.0	0	0.37	0	0	V0.2	0	0	4	0	3	7	10	13	16	18	18	17	17	14	11	7	1	3	9	14	20	24	29	32	35	37	37	36	38	39	34	29	29	36	47	70	81	120	165	195	240	295	308	330	398	420	398	450	478	512	584	705	778	828	974	1000	969	967	873	689	571	464	348	260	231	202	171	160	148	128	114	107	93	80	70	61	46	36	24	13	3	5	12	19	24	26	28
64	170	1	2	119	0	1953125	12	0.0	0	0.37	0	0	V0.2	0	0	5	2	1	5	10	13	15	17	18	17	16	14	11	6	3	3	9	13	19	23	27	31	33	35	35	34	35	36	33	28	29	38	50	74	85	124	168	197	240	296	306	328	399	420	406	460	491	524	601	718	790	839	979	1000	967	968	872	696	582	473	359	271	240	208	175	161	149	126	114	106	92	77	68	58	45	34	23	11	3	7	13	18	23	25	26
64	170	1	2	119	0	1953125	12	0.0	0	0.37	0	0	V0.2	0	0	3	1	5	9	12	14	16	17	16	16	14	11	8	3	1	6	11	15	19	24	27	29	32	32	31	30	32	33	29	25	26	36	49	74	88	127	170	198	242	295	305	324	390	417	403	460	497	536	612	731	805	847	982	1000	961	957	863	686	576	474	368	284	252	218	183	165	153	127	111	103	87	72	62	53	39	30	20	10	2	7	13	18	21	23	24
64	170	1	2	119	0	1953125	12	0.0	0	0.37	0	0	V0.2	0	0	6	2	0	4	8	12	14	17	17	17	17	15	12	8	4	1	7	12	17	23	26	30	33	36	36	34	37	37	34	30	31	37	47	71	83	122	166	196	240	295	308	328	396	417	399	451	486	521	593	715	788	833	978	1000	965	962	865	682	572	465	352	269	240	209	176	161	149	127	112	104	90	76	67	57	42	32	21	11	3	8	14	19	23	25	26
64	170	1	2	119	0	1953125	12	0.0	0	0.37	0	0	V0.2	0	0	3	1	4	8	11	14	16	17	18	17	14	13	9	5	1	4	10	15	21	24	28	32	34	36	36	35	36	37	32	27	28	34	45	69	82	121	167	196	240	295	307	329	396	413	395	447	479	515	587	709	783	835	977	1000	967	967	868	688	573	463	349	262	235	204	173	159	148	126	112	107	92	79	70	59	46	37	25	13	4	3	11	17	22	25	28
64	170	1	2	119	0	1953125	12	0.0	0	0.37	0	0	V0.2	0	0	3	2	5	8	11	14	16	17	17	17	16	13	9	6	1	4	8	14	19	24	27	30	34	35	34	34	36	36	32	28	29	35	46	69	80	120	165	195	238	293	306	329	398	416	397	448	477	511	583	704	779	830	976	999	968	973	876	692	577	467	348	258	228	200	170	155	147	125	111	105	91	78	70	60	47	38	26	16	6	1	9	16	20	24	26
64	170	1	2	119	0	1953125	12	0.0	0	0.37	0	0	V0.2	0	0	4	0	3	7	10	14	15	17	17	18	17	14	10	7	2	3	9	15	19	25	28	32	34	37	36	35	37	38	33	30	30	37	48	71	82	122	166	196	239	294	306	330	400	421	402	455	486	518	589	711	779	827	977	1000	968	976	878	690	580	473	353	265	234	204	171	156	147	126	112	105	92	78	69	59	46	36	24	12	3	5	13	18	23	25	27
64	170	1	2	119	0	1953125	12	0.0	0	0.37	0	0	V0.2	0	0	3	0	3	7	10	13	15	16	15	15	14	12	8	5	0	4	9	14	18	23	26	29	31	32	32	31	32	33	30	27	29	39	52	73	86	124	167	194	237	292	303	327	397	419	407	467	504	536	610	728	797	843	981	1000	966	969	872	699	591	485	369	283	251	213	177	161	147	122	110	102	87	74	65	55	42	32	23	12	5	6	13	18	22	23	25
64	170	1	2	119	0	1953125	12	0.0	0	0.37	0	0	V0.2	0	0	3	0	5	8	11	14	16	17	17	17	15	13	9	4	1	5	11	16	21	25	29	31	34	35	35	33	34	34	30	26	28	37	51	76	90	128	173	201	243	296	309	329	395	421	411	465	501	537	610	725	806	849	980	999	969	968	870	698	588	481	371	287	253	216	182	165	152	128	113	104	90	76	66	56	42	32	21	10	3	8	15	20	24	26	26
64	170	1	2	119	0	1953125	12	0.0	0	0.37	0	0	V0.2	0	0	5	1	3	7	10	13	16	17	17	17	16	14	10	7	2	3	9	15	19	25	27	31	35	36	36	35	37	38	33	29	30	37	49	73	86	125	170	200	243	298	313	333	402	424	407	459	490	526	596	716	791	836	977	1000	969	972	878	694	583	475	359	269	236	206	173	160	149	127	112	106	93	79	70	60	47	36	25	14	6	5	12	17	21	24	27
64	170	1	2	119	0	1953125	12	0.0	0	0.37	0	0	V0.2	0	0	3	1	4	7	10	13	15	16	16	17	15	13	10	7	1	2	9	14	19	25	28	32	35	38	38	36	39	40	36	31	31	35	44	66	77	117	162	194	238	295	311	335	405	421	399	444	468	500	567	689	760	815	970	999	972	982	886	692	575	462	337	244	216	191	161	153	145	126	114	109	97	84	75	66	52	42	31	19	8	2	10	16	23	26	29
64	170	1	2	119	0	1953125	12	0.0	0	0.37	0	0	V0.2	0	0	4	1	3	6	10	12	14	15	16	16	15	13	10	7	1	3	8	14	17	23	26	30	32	35	35	34	36	37	33	29	31	38	50	72	83	122	168	196	239	296	308	331	401	422	402	457	486	518	591	714	780	831	978	1000	965	971	878	689	576	470	349	259	230	200	168	155	146	124	111	105	90	78	69	60	46	37	26	15	5	3	11	17	22	24	26
64	170	1	2	119	0	1953125	12	0.0	0	0.37	0	0	V0.2	0	0	4	0	3	6	10	13	15	16	17	17	16	13	10	7	2	3	9	14	19	24	28	31	34	35	36	34	35	37	33	28	30	38	50	73	85	123	168	196	239	294	306	328	397	419	403	460	494	528	602	722	791	842	982	1000	967	969	873	695	586	477	360	273	243	210	176	163	150	127	110	105	92	76	68	58	43	33	22	11	3	7	14	20	23	26	28
64	170	1	2	119	0	1953125	12	0.0	0	0.37	0	0	V0.2	0	0	1	2	5	9	10	13	15	15	15	14	13	10	6	3	1	6	10	16	20	24	27	29	32	33	32	31	32	32	29	26	29	39	53	77	89	128	172	199	241	293	307	329	396	423	410	466	499	536	608	723	794	840	981	1000	970	977	880	702	592	483	365	277	242	208	174	160	148	124	111	105	92	79	70	60	46	36	25	15	5	3	10	17	21	25	27
64	170	1	2	119	0	1953125	12	0.0	0	0.37	0	0	V0.2	0	0	4	0	3	8	11	13	15	17	18	18	16	14	11	6	1	4	10	15	20	26	28	33	35	38	36	35	36	37	32	27	28	36	48	73	85	124	169	199	241	296	310	330	399	420	402	455	487	521	593	715	787	831	977	1000	963	966	870	684	573	470	353	266	235	205	174	158	148	126	112	106	92	77	68	58	44	35	24	12	2	5	13	18	22	25	27
64	170	1	2	119	0	1953125	12	0.0	0	0.37	0	0	V0.2	0	0	4	1	3	7	11	13	15	17	16	16	15	14	10	7	2	3	8	13	18	23	26	30	33	34	35	34	36	37	33	29	30	36	46	69	81	119	165	195	238	294	308	332	399	417	401	451	481	517	588	708	782	832	977	999	967	969	870	690	576	468	350	261	233	202	171	157	147	125	110	104	91	76	68	59	46	36	25	14	5	3	11	17	21	24	26
64	170	1	2	119	0	1953125	12	0.0	0	0.37	0	0	V0.2	0	0	5	2	2	5	9	12	15	17	17	18	18	15	12	8	4	0	6	12	17	24	27	31	35	37	38	38	40	42	38	33	34	38	43	64	73	113	160	192	238	296	313	337	406	425	401	445	468	499	564	684	764	817	969	1000	974	981	886	701	581	464	338	246	216	190	164	151	145	126	112	108	96	82	74	64	51	40	28	16	6	2	11	17	22	26	28
64	170	1	2	119	0	1953125	12	0.0	0	0.37	0	0	V0.2	0	0	4	2	3	7	10	13	15	16	18	17	17	15	11	7	3	3	7	13	18	23	27	31	34	36	35	35	38	39	35	31	31	36	43	66	75	116	162	193	237	295	308	333	404	421	399	447	472	506	572	697	770	819	972	1000	969	975	879	688	575	462	339	249	220	193	164	152	144	125	111	106	94	79	70	62	48	39	27	17	7	1	8	15	21	24	26
64	170	1	2	119	0	1953125	12	0.0	0	0.37	0	0	V0.2	0	0	4	1	2	6	9	13	14	17	17	17	16	15	10	7	3	2	7	13	18	23	27	31	34	37	37	36	39	40	36	32	33	39	48	69	79	118	163	193	237	295	309	333	405	425	403	455	482	511	582	703	772	825	975	1000	969	978	883	695	580	471	347	256	227	199	167	155	146	126	112	107	94	79	71	61	48	37	26	13	4	4	12	19	23	26	28
64	170	1	2	119	0	1953125	12	0.0	0	0.37	0	0	V0.2	0	0	3	0	4	6	9	12	14	15	15	15	13	11	8	5	1	4	9	14	17	22	25	27	29	31	31	30	31	33	30	27	30	38	51	74	86	125	168	194	238	294	304	327	398	424	413	475	511	543	615	735	804	850	982	1000	967	970	874	699	594	493	379	292	258	219	180	163	148	123	105	99	84	71	60	52	39	30	21	12	6	9	13	17	20	22	24
64	170	1	2	119	0	1953125	12	0.0	0	0.37	0	0	V0.2	0	0	3	1	4	8	11	14	16	16	17	17	15	12	9	4	0	5	11	16	20	25	28	31	34	35	35	34	36	36	31	26	28	34	47	74	87	125	171	199	243	295	309	328	394	418	403	454	489	528	602	720	799	843	980	999	968	964	864	685	576	471	360	275	244	212	180	164	152	128	113	105	91	76	68	57	43	32	22	11	1	7	14	21	24	26	27
64	170	1	2	119	0	1953125	12	0.0	0	0.37	0	0	V0.2	0	0	4	2	3	7	11	13	16	17	17	17	15	13	9	6	2	3	9	14	20	24	27	31	34	36	35	34	36	37	32	28	29	36	48	73	86	124	169	199	242	296	309	329	396	422	402	453	488	523	594	714	784	832	977	1000	966	969	873	688	576	470	355	266	236	204	172	157	147	126	111	106	92	77	69	59	45	36	25	13	5	4	12	18	22	24	25
64	170	1	2	119	0	1953125	12	0.0	0	0.37	0	0	V0.2	0	0	3	2	5	9	12	14	17	18	18	17	15	14	10	6	2	4	10	16	20	26	29	32	36	37	37	36	37	38	33	27	28	34	45	69	81	121	167	197	241	296	308	329	398	417	394	446	476	509	582	707	780	829	976	1000	962	963	865	678	564	459	343	257	231	202	172	159	148	127	112	106	93	78	70	60	46	37	25	13	3	3	11	18	22	26	28
64	170	1	2	119	0	1953125	12	0.0	0	0.37	0	0	V0.2	0	0	4	1	4	6	10	12	15	17	17	17	15	14	9	6	1	4	9	14	19	24	27	30	32	34	34	33	35	35	32	28	29	37	49	72	85	124	168	197	241	296	307	331	400	421	406	461	492	525	597	717	789	840	980	999	968	973	876	696	584	478	360	270	239	206	172	158	147	124	110	103	89	76	68	58	45	35	25	13	5	5	11	17	22	24	25
64	170	1	2	119	0	1953125	12	0.0	0	0.37	0	0	V0.2	0	0	3	0	4	7	11	14	16	18	18	17	16	14	10	5	0	5	10	16	21	25	30	33	35	37	36	34	35	36	31	27	28	37	52	76	89	129	173	202	245	298	312	332	399	424	409	465	502	537	609	725	800	846	980	1000	969	972	874	700	591	486	371	285	249	214	181	164	152	127	113	106	91	76	67	57	42	33	22	11	4	7	14	20	23	25	26
64	170	1	2	119	0	1953125	12	0.0	0	0.37	0	0	V0.2	0	0	3	2	5	10	13	15	17	18	18	17	16	12	9	4	0	5	10	15	20	25	28	31	33	35	35	34	36	37	32	28	29	34	44	68	80	120	165	197	239	295	311	332	399	421	400	447	477	513	578	701	780	821	970	1000	966	967	875	687	573	464	347	258	226	199	169	155	145	122	108	104	92	76	69	59	46	37	26	15	6	1	8	14	19	22	24
64	170	1	2	119	0	1953125	12	0.0	0	0.37	0	0	V0.2	0	0	4	1	4	6	10	13	15	17	17	18	17	14	12	8	3	3	9	14	19	24	29	32	35	37	38	38	41	41	37	32	32	35	42	63	74	114	160	193	236	296	312	337	406	419	395	441	464	497	564	689	763	817	973	1000	968	976	879	687	571	459	332	242	216	189	162	150	144	125	114	109	96	82	74	64	50	41	29	17	7	1	10	17	22	26	28
64	170	1	2	119	0	1953125	12	0.0	0	0.37	0	0	V0.2	0	0	7	3	1	4	8	11	14	16	17	18	17	16	13	10	5	1	4	11	16	21	25	29	33	36	37	37	40	42	38	34	34	39	47	66	76	115	162	192	237	297	312	338	409	428	404	455	476	505	574	696	768	825	974	999	971	981	885	698	579	468	342	249	221	194	163	152	144	125	111	106	93	79	71	62	47	37	26	14	5	3	11	18	22	24	27
64	170	1	2	119	0	1953125	12	0.0	0	0.37	0	0	V0.2	0	0	4	2	3	6	10	13	16	16	17	18	17	14	12	7	3	1	8	14	19	24	28	33	36	37	38	36	39	39	35	30	32	37	47	69	80	119	165	195	239	295	311	334	403	422	402	453	480	513	581	703	777	825	972	1000	969	976	880	692	580	470	348	259	226	198	168	156	147	126	111	107	93	81	72	62	48	38	26	14	5	3	11	18	23	26	27
64	170	1	2	119	0	1953125	12	0.0	0	0.37	0	0	V0.2	0	0	3	1	4	8	11	13	16	17	17	16	15	13	9	6	0	3	8	14	18	23	26	29	31	33	33	32	34	36	32	28	30	35	45	66	77	115	161	189	234	290	304	328	398	419	399	450	480	511	579	706	773	819	973	1000	966	975	880	691	580	472	349	259	228	198	167	152	144	124	108	103	89	75	67	58	46	36	25	16	6	1	8	13	18	21	24
64	170	1	2	119	0	1953125	12	0.0	0	0.37	0	0	V0.2	0	0	4	1	3	7	9	13	16	17	17	17	16	14	10	7	2	3	8	14	19	25	29	31	35	36	36	35	37	39	34	29	30	37	47	70	82	121	166	196	239	296	311	334	402	424	407	458	487	521	591	710	784	835	977	1000	971	975	878	696	586	477	356	268	237	205	172	158	147	125	112	105	93	79	70	60	46	36	25	13	3	5	13	19	23	25	27
64	170	1	2	119	0	1953125	12	0.0	0	0.37	0	0	V0.2	0	0	4	1	2	6	9	12	15	16	17	17	16	13	11	7	3	2	7	13	18	23	27	30	33	35	35	34	37	38	34	29	31	38	49	73	84	123	168	198	241	296	309	332	402	422	404	457	488	523	592	716	787	834	978	1000	965	966	873	688	576	471	355	265	234	205	172	158	147	124	110	103	90	76	68	58	44	35	24	13	4	5	12	18	21	25	26
64	170	1	2	119	0	1953125	12	0.0	0	0.37	0	0	V0.2	0	0	4	0	2	7	10	13	14	16	17	17	16	14	11	7	2	3	8	14	19	25	28	32	34	37	36	35	38	37	34	29	30	37	49	72	83	123	167	196	240	295	308	331	400	423	404	457	488	520	591	713	781	829	979	999	964	973	876	690	578	473	354	265	235	204	172	158	148	125	111	106	93	78	68	59	44	34	23	13	3	6	13	18	22	26	27
64	170	1	2	119	0	1953125	12	0.0	0	0.37	0	0	V0.2	0	0	2	0	4	7	10	13	15	16	16	15	15	12	8	5	0	4	9	14	18	23	26	29	31	32	31	31	33	34	31	27	29	37	49	72	83	123	167	195	239	293	306	327	396	421	404	460	496	529	603	725	791	839	980	1000	965	969	871	688	580	478	363	277	245	211	176	161	148	122	109	100	86	73	64	54	40	31	21	11	3	6	11	17	20	22	24
64	170	1	2	119	0	1953125	12	0.0	0	0.37	0	0	V0.2	0	0	4	1	2	6	10	13	15	16	17	18	16	13	11	6	1	3	9	14	19	24	28	31	34	36	36	34	35	36	32	28	29	37	49	74	86	125	170	199	242	296	308	329	398	421	405	459	493	529	602	722	797	842	977	1000	964	963	865	687	575	472	362	277	245	213	178	164	152	127	112	105	90	76	66	56	41	30	20	9	3	8	15	21	23	26	27
64	170	1	2	119	0	1953125	12	0.0	0	0.37	0	0	V0.2	0	0	4	1	4	8	11	13	15	17	17	17	16	13	10	6	1	3	9	14	19	23	27	30	33	35	34	33	35	36	31	28	28	36	50	73	86	125	170	198	242	295	307	329	399	420	403	457	493	527	598	719	794	839	978	1000	965	966	871	690	577	472	358	271	238	206	174	159	147	126	110	103	91	76	68	57	44	35	25	13	4	4	12	17	21	25	25
64	170	1	2	119	0	1953125	12	0.0	0	0.37	0	0	V0.2	0	0	4	0	4	7	11	13	15	17	18	17	17	14	10	7	1	3	9	15	21	25	30	32	35	37	37	36	38	38	33	28	30	36	46	71	83	122	167	197	242	297	309	331	399	422	403	454	484	517	590	710	782	828	977	1000	965	971	869	685	575	467	351	264	235	204	173	161	149	126	114	108	95	79	69	59	45	35	24	12	2	6	14	20	24	27	27
64	170	1	2	119	0	1953125	12	0.0	0	0.37	0	0	V0.2	0	0	2	0	4	7	10	13	15	15	15	14	13	11	8	4	0	3	10	14	18	23	26	29	30	32	32	30	32	33	31	27	29	38	51	74	86	125	169	197	239	295	308	329	397	425	410	468	505	537	609	728	802	843	978	1000	964	962	870	694	584	482	370	283	250	215	178	162	147	122	107	100	86	72	63	54	40	31	21	11	4	6	12	18	20	22	24
64	170	1	2	119	0	1953125	12	0.0	0	0.37	0	0	V0.2	0	0	2	0	3	8	10	14	16	18	17	17	15	13	10	5	0	5	10	16	21	26	30	32	35	36	36	34	35	35	31	25	26	36	50	76	89	127	173	201	244	297	308	328	393	418	407	461	497	535	609	727	806	849	981	1000	965	962	864	689	580	477	369	284	250	217	183	166	153	129	112	106	91	76	67	55	42	31	21	10	3	9	15	21	24	26	27
