34928	35048	35167	35286	35405	35524	35644	35763	35882	36001	36120	36240	36359	36478	36597	36716	36836	36955	37074	37193	37313	37432	37551	37670	37789	37909	38028	38147	38266	38385	38505	38624	38743	38862	38981	39101	39220	39339	39458	39577	39697	39816	39935	40054	40174	40293	40412	40531	40650	40770	40889	41008	41127	41246	41366	41485	41604	41723	41842	41962	42081	42200	42319	42439	42558	42677	42796	42915	43035	43154	43273	43392	43511	43631	43750	43869	43988	44107	44227	44346	44465	44584	44703	44823	44942
64	170	1	2	119	0	1953125	12	0.0	11062	2.92	0	0	V0.2	0	0	81	68	86	65	45	92	34	57	60	33	51	45	16	23	41	25	30	28	86	24	91	63	63	68	102	62	93	105	93	73	130	126	92	174	259	314	292	267	256	324	320	278	169	61	285	208	281	643	531	432	298	862	948	1000	550	300	228	529	343	290	132	51	162	116	64	111	100	39	138	59	58	84	79	30	84	39	42	58	37	23	37	17	24	13	9
64	170	1	2	119	0	1953125	12	0.0	12655	3.19	0	0	V0.2	0	0	71	96	81	85	83	52	80	60	46	55	37	40	31	33	39	16	61	34	36	81	67	40	107	94	65	133	103	55	157	155	55	158	252	251	21	455	478	118	404	512	189	262	457	374	172	370	169	189	647	779	702	1000	924	644	820	663	385	482	225	266	104	126	93	119	168	154	57	101	177	11	101	84	67	74	75	26	70	63	31	34	46	12	46	14	12
64	170	2	2	119	0	1953125	12	0.0	13781	3.38	0	0	V0.2	0	0	95	128	151	93	125	107	101	94	79	74	55	68	36	24	103	4	80	78	63	94	137	28	187	146	47	250	153	227	198	140	222	452	281	484	32	195	400	346	606	234	154	355	550	879	903	657	469	208	468	48	231	26	297	480	849	977	893	1000	747	503	120	247	307	163	376	178	48	228	252	236	139	100	163	219	91	118	102	77	118	20	43	77	28	76	49
64	170	2	2	119	0	1953125	12	0.0	12905	3.23	0	0	V0.2	0	0	282	187	271	194	209	258	106	209	154	116	151	43	163	55	136	109	91	160	104	196	147	249	180	251	398	106	403	497	51	466	506	116	438	546	202	382	708	426	495	933	556	467	864	538	172	450	378	315	220	360	257	314	465	243	719	981	519	923	999	371	837	702	212	635	447	117	344	293	335	63	358	355	55	342	189	170	280	62	184	134	71	154	57	76	59
64	170	2	2	119	0	1953125	12	0.0	9541	2.66	0	0	V0.2	0	0	703	673	630	612	588	537	500	458	407	358	314	283	232	223	219	248	279	360	384	464	509	553	633	676	714	755	791	869	857	870	875	1000	898	991	955	938	932	854	912	860	896	881	782	949	840	897	706	687	634	808	805	890	678	794	840	972	925	854	767	740	745	811	865	817	798	801	763	752	721	683	657	611	591	558	469	460	440	344	305	274	231	216	132	87	90
64	170	2	2	119	0	1953125	12	0.0	11390	2.97	0	0	V0.2	0	0	76	88	71	87	56	67	79	41	57	46	44	31	32	29	36	34	33	43	80	51	63	74	95	69	74	119	81	112	107	132	77	197	30	264	89	411	265	413	198	412	248	348	223	68	148	210	223	581	545	502	367	987	987	1000	482	336	567	701	592	260	39	120	108	126	51	148	63	138	52	125	39	96	70	63	77	35	53	63	33	24	37	31	29	9	19
64	170	2	2	119	0	1953125	12	0.0	14394	3.49	0	0	V0.2	0	0	64	66	73	56	76	46	67	39	46	30	32	27	30	46	28	29	50	11	30	53	72	49	59	71	108	80	55	118	62	114	127	98	271	168	179	324	379	288	541	268	234	260	419	326	190	315	195	387	98	775	639	366	1000	508	479	899	398	246	399	207	52	83	134	84	103	83	58	115	80	6	115	67	73	62	30	55	47	45	33	49	16	4	24	19	11
64	170	2	2	119	0	1953125	12	0.0	9710	2.69	0	0	V0.2	0	0	687	694	660	628	592	518	511	465	405	362	317	288	239	224	235	246	283	355	387	462	524	572	601	686	711	756	813	837	920	894	879	946	962	946	991	938	935	951	927	891	831	879	916	942	937	876	780	687	878	797	725	866	474	1000	927	684	839	943	757	823	965	844	815	803	844	811	741	721	751	690	648	646	564	560	531	464	428	364	342	301	218	216	135	98	87
64	170	2	2	119	0	1953125	12	0.0	13001	3.25	0	0	V0.2	0	0	54	44	57	62	79	70	49	56	49	51	56	19	4	9	14	4	37	55	66	80	69	72	85	52	49	54	47	99	81	147	228	124	217	157	104	320	385	200	244	299	308	165	308	201	268	207	179	604	416	525	379	592	1000	800	365	396	440	416	405	215	134	82	178	120	93	58	101	47	75	65	132	106	144	62	29	20	49	27	44	20	41	42	36	34	1
64	170	2	2	119	0	1953125	12	0.0	10120	2.76	0	0	V0.2	0	0	645	652	589	597	567	530	483	440	374	340	327	247	236	211	217	242	268	319	396	396	496	520	565	657	692	710	746	823	820	865	910	830	894	918	913	1000	890	970	793	857	860	809	866	764	835	882	820	672	622	585	805	860	741	712	711	924	863	810	755	684	774	804	841	809	788	759	748	742	671	665	631	618	577	501	457	447	412	337	307	254	247	171	147	95	66
64	170	2	2	119	0	1953125	12	0.0	10067	2.75	0	0	V0.2	0	0	99	83	93	72	97	55	64	72	87	32	64	34	34	35	25	54	14	74	41	129	23	145	29	138	45	136	66	191	33	178	89	302	122	399	185	419	298	328	316	194	296	41	141	76	158	417	387	667	517	295	365	679	1000	772	701	198	364	411	635	473	213	181	163	177	116	117	146	121	136	134	123	133	90	109	80	107	63	89	61	90	42	72	33	56	41
64	170	2	2	119	0	1953125	12	0.0	9502	2.65	0	0	V0.2	0	0	119	223	115	220	137	152	169	99	163	43	175	25	147	64	210	126	205	138	184	209	150	325	38	349	117	303	216	272	368	162	521	104	503	380	402	599	132	523	218	441	398	162	330	290	664	512	655	764	234	149	314	795	708	813	1000	429	366	403	390	131	415	505	48	356	95	353	285	206	364	30	318	118	227	196	112	190	47	206	64	128	73	93	109	39	80
64	170	2	2	119	0	1953125	12	0.0	9536	2.66	0	0	V0.2	0	0	212	115	202	110	188	99	167	88	148	81	106	100	80	111	38	133	15	173	48	209	79	238	124	290	120	295	160	306	220	332	283	465	147	416	269	597	159	455	90	478	77	400	113	361	258	709	418	762	424	79	495	923	706	1000	717	685	641	115	292	506	159	413	156	346	147	331	139	333	159	290	141	252	107	245	110	230	117	190	115	135	75	106	63	65	37
64	170	2	2	119	0	1953125	12	0.0	9660	2.68	0	0	V0.2	0	0	159	99	128	129	129	98	94	109	88	68	34	93	21	67	19	70	66	42	96	81	125	80	130	156	204	135	228	150	200	206	199	289	270	303	298	400	447	290	364	383	466	314	400	199	229	530	690	497	471	194	490	736	999	645	778	350	239	419	364	394	473	152	342	97	292	96	241	114	219	105	159	155	173	107	140	101	87	95	61	88	32	85	35	77	36
64	170	2	2	119	0	1953125	12	0.0	10954	2.90	0	0	V0.2	0	0	70	88	79	63	87	64	62	54	51	53	39	20	35	45	6	56	26	70	30	77	59	90	55	104	82	92	93	76	132	109	100	123	217	158	274	304	389	275	337	306	357	223	154	237	101	111	436	560	630	382	483	651	1000	759	552	146	460	453	573	182	143	184	49	104	98	106	72	111	58	118	54	100	71	51	72	45	80	11	50	45	37	3	38	23	49
64	170	2	2	119	0	1953125	12	0.0	9408	2.63	0	0	V0.2	0	0	371	256	260	368	296	181	252	239	197	195	91	161	238	98	185	278	131	172	315	190	219	311	216	382	469	216	414	625	401	237	629	569	241	537	593	283	477	653	358	375	639	417	258	485	370	353	551	452	196	761	910	342	683	1000	766	177	679	883	516	130	601	588	367	272	337	495	486	235	289	489	376	178	295	276	220	293	187	94	313	273	90	182	231	134	82
64	170	2	2	119	0	1953125	12	0.0	10244	2.78	0	0	V0.2	0	0	84	75	73	69	79	62	40	79	42	42	44	27	39	25	25	29	55	1	85	35	62	80	45	92	101	61	115	80	122	87	129	61	210	20	265	198	458	261	341	353	362	319	159	137	91	272	489	697	854	321	266	843	1000	850	470	106	310	570	379	362	80	77	177	73	88	170	31	160	45	113	95	50	83	77	82	70	17	79	40	66	36	5	46	11	24
64	170	2	2	119	0	1953125	12	0.0	10153	2.76	0	0	V0.2	0	0	42	95	65	90	52	67	53	78	34	58	21	62	34	43	14	67	26	65	64	50	34	53	89	97	52	60	124	115	81	51	176	158	129	210	224	404	158	289	150	345	277	45	45	188	309	344	415	642	483	186	338	720	1000	753	537	120	399	487	506	406	27	138	79	126	118	149	61	109	101	185	31	102	53	128	18	65	27	89	18	50	34	75	15	45	58
64	170	2	2	119	0	1953125	12	0.0	10240	2.78	0	0	V0.2	0	0	60	104	67	89	43	79	63	64	30	40	63	35	23	31	63	8	25	72	85	23	59	90	86	75	53	123	101	107	62	104	164	112	167	193	314	505	304	452	225	500	313	181	35	353	293	218	537	801	534	297	296	954	1000	824	527	239	462	563	585	162	226	31	155	115	171	78	136	116	184	22	108	61	85	85	58	73	64	63	48	33	16	66	49	15	9
64	170	2	2	119	0	1953125	12	0.0	9656	2.68	0	0	V0.2	0	0	121	135	106	128	47	152	88	76	51	97	95	18	60	44	75	17	78	56	92	44	111	69	176	95	140	182	124	214	38	306	155	223	225	246	488	177	344	231	383	579	275	403	84	490	651	735	1000	705	316	164	402	838	728	797	765	223	64	222	482	285	263	295	76	314	89	236	171	158	252	17	198	94	142	114	70	119	69	102	15	108	58	45	48	60	80
64	170	2	2	119	0	1953125	12	0.0	9525	2.65	0	0	V0.2	0	0	111	191	90	165	93	164	56	129	76	144	51	117	65	124	106	127	97	104	154	158	150	165	173	207	166	216	189	275	188	318	198	431	89	457	100	484	144	365	139	446	363	127	249	520	458	778	909	485	533	602	632	680	1000	525	635	368	125	272	441	176	492	362	158	210	249	321	121	259	120	320	19	238	56	181	30	190	42	158	53	121	61	81	48	62	61
64	170	2	2	119	0	1953125	12	0.0	9602	2.67	0	0	V0.2	0	0	157	103	148	95	133	81	122	57	103	42	108	24	65	69	40	118	31	125	14	156	46	190	82	220	108	245	145	292	141	274	223	355	221	360	246	433	237	382	302	513	253	376	210	394	623	918	754	877	370	82	562	935	852	1000	700	550	474	145	363	536	206	377	20	351	54	304	14	272	31	291	32	203	46	201	17	175	34	110	33	100	36	76	39	55	55
64	170	2	2	119	0	1953125	12	0.0	9631	2.67	0	0	V0.2	0	0	149	80	140	95	96	89	106	72	63	78	62	58	33	68	14	75	21	74	77	72	108	98	144	95	180	119	209	134	195	108	272	98	342	153	359	213	400	266	478	393	365	299	299	278	584	713	795	870	345	103	606	851	914	1000	652	442	408	249	374	521	179	351	42	331	36	249	24	290	47	194	50	177	33	177	23	145	29	141	21	110	16	85	22	4	42
64	170	2	2	119	0	1953125	12	0.0	8664	2.51	0	0	V0.2	0	0	168	150	158	145	128	147	115	91	125	79	59	67	70	39	56	79	62	78	86	136	108	108	192	126	176	205	139	279	212	166	275	198	218	253	163	284	241	177	176	285	209	163	382	250	296	634	586	583	1000	758	726	941	902	576	915	530	523	711	457	358	525	165	243	265	111	318	173	160	253	114	196	176	77	197	144	68	94	120	85	32	72	52	32	64	34
64	170	2	2	119	0	1953125	12	0.0	9469	2.64	0	0	V0.2	0	0	151	103	160	83	128	127	62	155	12	103	94	23	110	71	47	122	53	85	169	33	183	98	116	227	49	183	163	153	243	57	308	191	247	224	79	396	28	156	326	196	249	60	95	440	296	509	441	778	585	381	648	446	1000	725	880	360	678	431	540	285	223	156	298	98	214	70	106	218	44	216	87	181	149	87	153	23	140	73	57	120	25	107	40	57	26
64	170	2	2	119	0	1953125	12	0.0	10896	2.89	0	0	V0.2	0	0	74	81	57	57	74	51	50	36	60	35	38	29	17	36	7	29	57	12	64	24	89	21	87	52	83	76	76	81	107	74	101	69	176	98	264	146	353	142	360	239	392	101	140	274	261	174	532	557	545	190	466	669	1000	636	532	169	347	596	458	287	102	75	143	25	124	49	99	53	110	32	102	63	41	66	60	32	51	35	39	31	22	19	22	11	38
64	170	1	2	119	0	1953125	12	0.0	10006	2.74	0	0	V0.2	0	0	170	89	167	134	99	142	44	152	112	50	93	42	93	24	117	67	86	105	69	207	84	154	175	107	225	32	276	249	107	306	65	394	467	219	576	528	228	525	404	154	430	359	106	415	507	310	609	743	545	906	950	722	1000	821	528	724	445	359	690	373	457	567	182	210	191	202	243	17	242	166	136	172	36	224	154	53	131	18	149	107	58	99	29	59	63
64	170	2	2	119	0	1953125	12	0.0	9337	2.62	0	0	V0.2	0	0	163	137	154	159	94	153	73	144	114	55	110	62	67	51	113	5	109	29	150	123	92	138	130	250	61	235	207	170	266	71	317	208	235	270	114	387	220	184	161	260	516	337	231	559	743	611	712	1000	869	519	754	917	820	668	948	654	451	587	411	250	390	176	127	190	279	162	149	173	150	228	120	113	151	167	113	66	111	87	126	38	90	89	8	54	41
64	170	1	2	119	0	1953125	12	0.0	9324	2.62	0	0	V0.2	0	0	118	157	101	131	92	156	56	109	88	85	38	78	38	54	45	47	70	54	79	92	108	90	156	112	143	157	178	135	199	153	231	130	208	175	228	168	171	282	202	52	296	401	183	494	585	401	754	729	630	920	907	757	999	597	556	444	319	520	243	353	268	114	209	137	145	159	171	128	135	132	163	99	123	128	81	129	53	68	102	66	26	51	34	35	8
64	170	1	2	119	0	1953125	12	0.0	9613	2.67	0	0	V0.2	0	0	143	71	131	67	111	60	98	63	55	65	39	45	39	26	61	30	44	79	41	96	32	143	41	163	72	168	132	173	176	148	243	142	315	159	351	177	389	110	346	186	520	207	254	210	505	626	920	578	471	505	677	906	1000	557	509	121	79	286	144	356	253	319	197	196	38	253	58	208	27	205	31	156	65	107	87	75	90	25	103	17	82	11	52	35	64
64	170	2	2	119	0	1953125	12	0.0	9591	2.67	0	0	V0.2	0	0	121	85	91	92	89	62	95	40	86	33	61	18	67	23	53	58	66	69	55	121	93	120	94	144	120	146	108	192	143	206	172	232	239	209	264	242	363	161	314	155	381	132	246	179	423	537	885	690	453	452	694	770	1000	887	477	409	193	43	310	250	240	284	92	221	117	235	50	192	53	187	46	158	38	152	21	125	22	111	17	96	22	73	31	77	60
64	170	2	2	119	0	1953125	12	0.0	12004	3.08	0	0	V0.2	0	0	71	71	58	57	46	66	39	50	31	41	28	27	32	17	31	10	43	65	17	54	35	65	62	57	74	62	79	77	125	37	126	42	180	74	269	166	355	142	293	177	352	167	213	247	213	100	596	502	487	402	387	708	1000	799	400	165	425	444	532	114	39	129	68	120	137	85	70	109	80	47	46	78	56	79	49	29	24	94	35	4	21	53	46	17	19
64	170	2	2	119	0	1953125	12	0.0	9596	2.67	0	0	V0.2	0	0	715	688	648	622	603	538	502	495	410	381	313	262	266	243	222	272	286	335	409	484	525	561	634	710	726	768	841	838	931	869	936	935	947	971	968	990	929	981	889	983	885	800	897	948	832	885	1000	883	754	931	856	679	561	752	934	651	769	984	886	833	942	917	909	841	826	823	775	759	692	726	680	651	583	565	528	462	439	377	325	300	263	187	149	119	71
64	170	1	2	119	0	1953125	12	0.0	13044	3.26	0	0	V0.2	0	0	54	61	45	46	74	62	47	40	29	46	24	35	26	25	15	28	36	25	11	49	36	77	65	83	48	72	87	77	85	29	91	82	221	202	125	262	324	188	280	382	219	144	196	303	96	145	425	367	553	402	449	564	1000	558	473	134	355	496	453	143	115	125	92	56	170	29	84	43	25	84	110	73	50	48	57	52	42	13	18	36	19	28	14	43	12
64	170	2	2	119	0	1953125	12	0.0	11843	3.05	0	0	V0.2	0	0	614	515	357	562	521	302	400	420	303	238	225	305	165	161	295	157	207	323	299	388	295	438	657	470	430	744	647	537	669	681	707	786	599	680	999	780	440	801	908	593	472	762	839	645	379	814	723	346	476	831	618	636	619	624	882	760	356	868	780	286	942	906	274	753	834	351	615	685	375	598	565	315	502	515	257	347	452	273	182	341	243	54	151	157	48
64	170	2	2	119	0	1953125	12	0.0	9668	2.68	0	0	V0.2	0	0	359	565	520	239	231	495	489	245	143	418	431	197	216	402	353	145	364	506	371	74	481	654	483	16	527	785	634	147	517	859	777	295	416	891	900	429	298	823	948	534	114	711	921	611	143	430	788	771	382	123	708	920	704	31	673	1000	717	126	489	867	757	353	291	727	805	476	82	602	772	547	54	437	657	555	186	285	530	494	253	195	372	389	289	207	261
64	170	2	2	119	0	1953125	12	0.0	9511	2.65	0	0	V0.2	0	0	86	165	87	148	67	165	30	127	41	135	42	136	45	116	53	103	80	116	118	162	108	199	110	225	94	252	80	275	87	336	27	373	48	429	185	411	272	302	266	266	318	125	188	312	402	546	864	556	479	390	515	567	1000	914	668	716	362	258	442	312	268	411	25	233	57	287	34	260	72	222	95	199	126	135	104	130	120	92	108	74	106	53	79	33	75
64	170	2	2	119	0	1953125	12	0.0	15357	3.65	0	0	V0.2	0	0	62	54	50	57	32	26	42	27	31	29	14	24	12	9	11	5	15	22	47	54	43	35	18	75	62	66	76	68	19	47	122	92	207	116	141	191	347	191	233	324	165	260	71	278	231	144	335	412	428	343	392	386	1000	491	492	337	200	573	267	244	57	37	58	9	74	44	101	42	53	35	58	58	60	61	44	29	36	53	21	33	26	28	34	14	8
64	170	2	2	119	0	1953125	12	0.0	11982	3.08	0	0	V0.2	0	0	649	610	584	565	525	520	471	415	375	333	308	255	209	207	213	249	274	324	384	412	493	521	575	625	645	713	748	761	780	863	853	874	813	890	843	858	888	835	912	889	828	738	882	645	678	682	1000	697	859	859	682	738	820	531	587	839	736	732	861	925	738	799	800	748	728	723	680	694	655	625	619	581	550	510	453	428	381	337	302	268	229	182	154	97	67
64	170	2	2	119	0	1953125	12	0.0	9613	2.67	0	0	V0.2	0	0	719	683	660	654	622	544	510	498	436	399	322	292	267	251	252	265	312	345	427	465	559	582	633	724	738	771	831	891	898	940	965	955	936	997	949	988	973	959	883	973	863	804	912	1000	826	948	943	920	795	889	737	721	624	895	846	783	918	987	863	798	925	918	883	830	825	823	797	771	740	708	684	653	598	602	509	475	431	388	324	308	244	212	137	103	94
64	170	2	2	119	0	1953125	12	0.0	9511	2.65	0	0	V0.2	0	0	82	148	84	142	68	135	42	132	35	112	19	114	26	111	43	121	55	138	80	174	70	195	78	225	48	210	82	243	97	344	74	358	51	319	68	390	194	281	139	319	217	243	203	250	218	601	740	497	545	320	392	609	1000	720	737	608	239	388	434	194	419	259	176	167	203	179	186	220	129	210	101	208	64	187	33	160	12	129	9	109	6	71	33	83	33
64	170	2	2	119	0	1953125	12	0.0	8928	2.55	0	0	V0.2	0	0	172	141	145	154	152	96	137	101	103	92	57	102	31	72	47	75	49	104	83	114	132	127	122	173	208	115	240	189	191	220	208	201	241	281	106	296	305	160	237	206	329	32	390	433	250	637	645	463	830	842	608	885	1000	597	855	682	478	797	463	433	494	53	270	179	196	161	226	177	137	227	107	186	102	158	170	68	130	47	114	76	41	34	63	64	27
64	170	2	2	119	0	1953125	12	0.0	13085	3.27	0	0	V0.2	0	0	58	63	54	54	50	56	27	42	43	14	23	27	19	36	15	37	46	39	62	55	64	48	38	63	47	61	57	93	125	149	159	87	186	98	203	219	368	278	178	421	287	269	149	108	246	104	546	351	763	335	330	722	1000	834	399	288	428	372	570	122	91	35	102	49	118	98	104	125	74	127	96	48	25	40	53	69	30	59	37	17	30	32	24	6	15
64	170	2	2	119	0	1953125	12	0.0	9640	2.67	0	0	V0.2	0	0	678	650	623	619	564	535	504	431	400	361	302	277	220	232	222	271	274	336	383	461	502	559	596	648	724	722	794	815	807	862	899	903	911	916	879	860	887	920	934	916	894	805	904	819	851	814	847	1000	924	734	703	724	842	706	650	663	891	787	899	781	732	802	802	822	806	787	793	773	743	665	664	626	592	566	480	450	414	373	328	281	245	203	143	113	57
64	170	2	2	119	0	1953125	12	0.0	10151	2.76	0	0	V0.2	0	0	60	86	61	75	81	40	84	22	72	26	38	54	21	62	11	46	35	25	53	47	55	76	31	115	51	88	98	91	108	88	135	116	202	177	245	308	333	289	267	260	213	123	144	153	8	140	540	564	635	268	432	646	999	732	533	102	281	346	503	215	208	100	97	126	52	145	66	157	68	104	102	65	91	31	90	33	66	57	32	68	15	57	23	26	31
64	170	2	2	119	0	1953125	12	0.0	11790	3.04	0	0	V0.2	0	0	69	95	78	60	69	66	48	62	49	9	65	30	14	36	21	43	37	34	65	59	67	62	98	69	49	87	134	76	74	98	134	148	93	201	154	368	182	350	177	327	326	219	119	341	165	149	345	577	601	514	330	779	999	904	662	1	335	480	528	25	67	207	119	82	116	138	75	46	165	31	75	83	71	63	47	64	39	74	31	40	29	55	7	5	23
64	170	2	2	119	0	1953125	12	0.0	9583	2.66	0	0	V0.2	0	0	449	424	290	273	427	409	211	172	361	352	152	163	350	292	121	307	420	275	145	477	583	340	154	602	738	478	125	651	862	645	80	657	951	765	162	566	1000	843	332	439	904	966	486	246	768	987	671	53	593	986	838	278	470	918	949	501	226	852	961	638	8	676	966	772	155	528	903	797	261	365	776	752	352	249	593	674	398	189	461	519	388	252	340	379	348
64	170	2	2	119	0	1953125	12	0.0	10033	2.74	0	0	V0.2	0	0	80	108	72	105	64	72	94	58	69	38	60	38	46	61	12	76	50	80	95	76	125	56	127	67	126	110	129	172	69	219	20	292	109	340	200	430	215	350	99	283	76	285	159	130	128	426	554	881	731	243	238	943	1000	972	607	103	174	575	406	528	136	204	84	176	107	86	156	38	194	48	162	87	129	106	81	114	40	93	13	86	39	69	30	22	41
64	170	2	2	119	0	1953125	12	0.0	11219	2.94	0	0	V0.2	0	0	80	68	82	61	70	75	47	47	61	30	46	9	61	3	36	28	33	42	62	19	97	64	47	96	68	116	70	89	103	105	125	43	195	151	267	277	308	335	149	359	239	358	62	193	138	193	451	533	684	524	368	739	1000	983	454	166	383	609	337	235	175	51	179	23	150	52	117	105	70	87	61	99	49	61	55	68	42	43	33	39	37	15	20	13	15
64	170	2	2	119	0	1953125	12	0.0	9483	2.65	0	0	V0.2	0	0	311	250	348	311	221	305	269	106	268	292	90	204	303	136	191	302	141	171	341	187	180	417	313	166	532	558	104	493	756	468	202	738	727	236	458	779	544	192	666	686	107	592	783	421	262	819	873	330	541	999	848	326	738	957	592	166	610	639	350	258	557	377	313	521	381	186	549	580	221	313	615	482	58	378	490	273	99	305	249	37	156	164	49	114	167
