34928	35048	35167	35286	35405	35524	35644	35763	35882	36001	36120	36240	36359	36478	36597	36716	36836	36955	37074	37193	37313	37432	37551	37670	37789	37909	38028	38147	38266	38385	38505	38624	38743	38862	38981	39101	39220	39339	39458	39577	39697	39816	39935	40054	40174	40293	40412	40531	40650	40770	40889	41008	41127	41246	41366	41485	41604	41723	41842	41962	42081	42200	42319	42439	42558	42677	42796	42915	43035	43154	43273	43392	43511	43631	43750	43869	43988	44107	44227	44346	44465	44584	44703	44823	44942
64	170	1	2	119	0	1953125	12	0.0	0	0.58	0	0	V0.2	0	0	26	27	27	26	28	31	32	30	31	35	37	37	37	40	43	44	45	44	48	51	52	52	53	59	62	61	67	65	67	73	70	82	91	78	104	102	121	203	219	281	333	330	488	532	517	546	532	532	699	537	607	778	723	1000	972	822	974	778	713	553	419	325	259	160	131	101	98	114	107	92	96	97	114	107	90	82	85	87	82	63	57	63	65	55	43
64	170	1	2	119	0	1953125	12	0.0	0	0.58	0	0	V0.2	0	0	29	32	33	31	31	34	37	36	35	38	43	43	44	43	48	52	53	51	54	58	61	61	61	68	72	73	81	79	84	92	87	98	108	96	121	120	136	215	233	293	343	336	490	536	521	551	537	533	704	550	620	789	726	1000	967	819	968	767	705	549	423	335	273	176	147	118	114	129	121	104	110	108	122	114	94	85	89	89	80	62	57	65	64	52	43
64	170	1	2	119	0	1953125	12	0.0	0	0.58	0	0	V0.2	0	0	27	28	28	28	29	32	33	33	33	36	40	41	40	42	46	50	50	50	54	56	58	59	60	67	70	72	79	79	84	91	87	99	108	96	122	119	136	219	236	298	349	340	493	539	519	547	527	518	690	530	600	776	715	1000	974	823	973	774	709	555	423	335	272	176	148	117	114	131	124	105	112	111	126	119	97	88	92	92	83	65	60	67	67	55	43
64	170	1	2	119	0	1953125	12	0.0	0	0.58	0	0	V0.2	0	0	29	32	32	31	32	35	37	35	36	38	42	43	43	44	48	53	52	51	53	58	61	61	62	68	72	73	81	79	83	90	87	97	105	93	118	117	134	217	234	297	348	342	497	540	522	551	526	519	686	524	597	770	712	1000	976	832	984	782	722	562	431	339	274	175	146	114	110	127	120	103	110	108	123	115	95	87	89	89	81	63	58	64	64	52	42
64	170	1	2	119	0	1953125	12	0.0	0	0.58	0	0	V0.2	0	0	28	30	30	29	30	34	35	34	34	37	41	42	41	45	47	53	52	51	54	58	59	60	62	68	72	74	82	81	86	93	89	100	109	96	122	117	135	218	236	301	352	344	503	549	536	567	543	536	703	536	612	771	708	1000	979	836	995	788	735	573	442	349	283	184	153	119	115	132	125	106	112	110	127	119	97	89	92	93	84	64	60	68	66	55	44
64	170	1	2	119	0	1953125	12	0.0	0	0.58	0	0	V0.2	0	0	28	30	31	30	30	33	35	35	35	37	42	42	42	43	48	53	51	50	54	57	59	61	61	68	71	72	82	81	85	92	88	99	107	95	120	118	135	217	237	301	353	345	503	548	536	562	534	527	688	526	598	759	708	999	979	844	989	791	731	569	438	343	279	182	150	116	110	129	123	105	110	109	125	118	97	88	91	91	84	64	59	66	67	55	43
64	170	1	2	119	0	1953125	12	0.0	0	0.58	0	0	V0.2	0	0	27	29	30	29	31	34	35	34	34	37	41	42	42	43	48	51	50	52	55	57	60	61	61	68	71	72	81	80	85	91	88	99	107	96	121	118	137	218	234	297	349	345	500	544	531	559	539	537	697	541	610	775	723	1000	976	838	981	791	723	567	435	342	279	181	151	120	115	132	124	105	112	111	125	117	97	88	91	92	83	65	59	67	66	54	44
64	170	1	2	119	0	1953125	12	0.0	0	0.58	0	0	V0.2	0	0	30	32	32	32	31	35	37	36	36	39	42	44	44	45	49	52	52	52	55	58	60	62	62	68	72	73	81	81	85	92	88	99	108	95	120	118	134	217	234	296	348	342	499	549	533	562	541	534	703	541	609	776	713	1000	980	828	983	782	722	565	434	343	279	180	150	117	111	130	122	104	110	107	124	117	94	86	90	90	82	62	58	66	66	54	42
64	170	1	2	119	0	1953125	12	0.0	0	0.58	0	0	V0.2	0	0	26	28	29	28	29	32	34	33	33	36	40	41	41	43	47	51	51	50	53	56	58	59	60	67	71	73	81	80	86	93	90	101	108	96	123	118	133	216	234	298	350	341	501	548	534	564	541	531	705	531	609	774	700	1000	972	822	988	780	727	568	436	348	284	182	154	120	116	133	125	107	113	111	127	120	98	89	93	94	85	65	60	68	68	55	45
64	170	1	2	119	0	1953125	12	0.0	0	0.58	0	0	V0.2	0	0	30	31	29	29	31	34	34	33	34	38	40	40	39	41	45	47	45	45	49	51	52	52	53	58	61	59	63	60	61	68	63	74	81	68	97	94	112	195	213	280	329	323	480	522	508	538	515	512	678	518	594	768	715	1000	972	828	977	777	709	547	412	318	253	152	121	90	86	104	97	84	88	88	106	102	86	75	77	81	77	60	51	56	61	54	40
64	170	1	2	119	0	1953125	12	0.0	0	0.58	0	0	V0.2	0	0	26	27	26	26	28	31	31	30	31	35	37	38	36	40	43	45	45	45	48	51	51	53	53	59	63	61	67	65	67	73	71	82	90	79	105	103	122	202	220	283	331	328	477	522	508	536	524	524	690	543	611	780	729	1000	969	825	960	767	698	543	412	319	255	160	130	100	97	114	108	94	97	96	114	108	91	81	84	86	81	63	56	62	65	55	43
64	170	1	2	119	0	1953125	12	0.0	0	0.58	0	0	V0.2	0	0	29	30	30	28	30	34	34	32	34	37	40	40	39	40	44	45	45	44	48	52	52	52	53	58	61	58	63	61	60	66	62	73	82	69	96	98	115	196	213	277	326	321	471	515	499	528	515	513	676	536	603	780	734	1000	975	832	968	773	698	539	408	312	249	152	121	92	88	105	99	85	89	89	106	100	85	75	78	81	77	60	52	57	60	53	40
64	170	1	2	119	0	1953125	12	0.0	0	0.58	0	0	V0.2	0	0	27	29	29	29	30	33	34	34	34	37	40	42	42	43	47	50	50	51	53	57	59	59	60	67	71	72	80	79	83	89	87	98	107	94	119	120	138	221	239	300	350	344	495	537	519	541	519	511	674	527	584	768	725	1000	987	842	980	790	715	559	425	333	269	174	144	115	111	128	123	105	111	111	125	118	97	87	91	91	82	64	59	67	66	54	43
64	170	1	2	119	0	1953125	12	0.0	0	0.58	0	0	V0.2	0	0	29	32	33	32	31	35	37	36	34	39	43	45	43	44	49	54	53	51	55	59	60	61	61	69	73	74	81	79	84	92	87	97	105	93	118	117	134	218	236	300	352	348	505	550	530	558	533	527	688	524	589	769	716	1000	986	840	996	800	732	573	438	345	277	178	149	117	111	127	119	103	111	109	123	115	96	88	90	89	81	64	59	65	64	54	44
64	170	1	2	119	0	1953125	12	0.0	0	0.58	0	0	V0.2	0	0	27	28	27	27	30	32	32	31	32	35	39	39	39	41	45	47	47	45	49	54	53	54	55	61	63	63	69	68	69	76	72	82	91	78	104	102	121	204	223	287	339	335	491	538	519	546	523	518	683	522	590	764	715	1000	984	836	984	788	719	558	424	327	260	161	131	100	96	114	108	93	99	97	115	110	92	82	84	88	82	63	56	63	65	55	43
64	170	1	2	119	0	1953125	12	0.0	0	0.58	0	0	V0.2	0	0	29	31	29	30	32	34	35	33	34	38	40	39	38	43	47	47	45	45	49	52	51	52	53	58	61	59	64	61	62	67	62	71	81	68	95	94	112	198	220	286	337	329	482	528	514	540	511	503	663	515	577	759	716	1000	997	853	991	795	716	556	416	319	253	153	121	88	84	103	100	85	89	88	107	104	87	76	77	82	79	61	51	56	61	54	41
64	170	1	2	119	0	1953125	12	0.0	0	0.58	0	0	V0.2	0	0	26	27	26	26	28	31	31	30	31	35	38	38	38	42	44	45	46	46	49	52	53	53	54	60	63	61	68	66	67	73	70	80	89	77	102	104	121	206	225	288	342	339	489	536	518	543	521	517	675	529	586	772	730	1000	990	845	982	801	712	559	419	324	259	159	128	99	95	113	107	93	98	98	115	110	92	83	86	88	83	65	57	63	64	56	43
64	170	1	2	119	0	1953125	12	0.0	0	0.58	0	0	V0.2	0	0	30	31	29	30	32	34	34	33	34	37	40	40	39	41	45	47	44	46	49	52	52	53	55	59	62	59	64	62	61	66	63	73	82	69	95	95	113	197	216	281	333	333	487	534	519	548	528	520	680	531	591	773	725	1000	994	844	991	799	718	560	422	324	257	156	124	93	88	105	100	85	90	89	106	104	86	77	79	83	79	61	52	58	61	53	41
64	170	1	2	119	0	1953125	12	0.0	0	0.58	0	0	V0.2	0	0	26	26	27	26	28	30	32	31	31	35	38	38	37	39	43	44	45	45	47	52	52	53	54	58	62	62	67	64	67	72	70	80	89	77	103	106	123	204	223	285	336	332	477	525	507	533	518	513	675	541	596	781	741	1000	985	839	967	782	694	541	408	315	251	156	126	99	96	113	107	92	97	98	114	109	90	81	84	87	81	63	56	64	65	55	42
64	170	1	2	119	0	1953125	12	0.0	0	0.58	0	0	V0.2	0	0	30	30	29	29	31	34	34	33	34	37	39	39	40	41	46	44	45	45	48	51	52	53	53	57	61	58	63	60	59	64	61	71	81	68	94	97	114	196	215	277	326	321	467	514	496	522	506	502	666	534	592	776	736	1000	984	836	965	774	691	535	401	306	243	148	117	90	86	103	99	84	89	88	105	101	84	74	76	81	76	59	51	56	60	52	39
64	170	1	2	119	0	1953125	12	0.0	0	0.58	0	0	V0.2	0	0	26	27	27	26	28	31	32	31	32	35	38	38	38	40	44	46	45	46	49	52	53	54	54	60	63	61	67	66	66	72	70	80	90	79	104	108	125	205	224	287	336	331	475	516	499	525	507	502	661	531	589	780	742	1000	985	841	967	781	690	536	401	309	248	154	124	97	95	113	108	94	98	99	114	108	91	81	84	87	80	62	56	63	63	54	42
64	170	1	2	119	0	1953125	12	0.0	0	0.58	0	0	V0.2	0	0	30	32	29	28	31	35	35	33	33	38	41	40	37	41	46	48	46	43	49	52	53	52	53	59	63	59	63	59	60	66	62	70	80	68	94	97	113	196	216	280	329	326	476	524	505	531	515	512	675	531	589	780	736	999	989	836	981	787	703	547	413	319	250	150	119	94	89	105	97	82	91	91	105	99	83	77	80	81	75	58	53	59	59	51	40
64	170	1	2	119	0	1953125	12	0.0	0	0.58	0	0	V0.2	0	0	25	26	26	26	28	30	32	31	31	34	37	39	38	39	42	46	46	45	48	51	52	53	53	59	63	61	68	65	67	72	70	80	89	77	102	103	121	205	223	287	340	334	486	533	514	539	517	509	673	524	580	767	724	1000	991	839	986	793	716	553	416	322	256	158	127	97	95	112	106	91	98	98	115	110	91	82	85	88	83	63	56	64	66	56	43
64	170	1	2	119	0	1953125	12	0.0	0	0.58	0	0	V0.2	0	0	29	31	31	30	32	34	36	36	35	39	42	44	42	44	50	52	54	52	55	58	60	62	62	68	73	74	81	80	84	92	89	99	107	94	118	118	136	218	235	299	353	352	507	551	535	564	540	537	695	532	597	769	719	1000	984	841	995	804	738	579	442	347	282	182	152	119	113	130	123	105	112	111	126	118	97	88	92	91	83	65	60	66	66	55	44
64	170	1	2	119	0	1953125	12	0.0	0	0.58	0	0	V0.2	0	0	28	29	30	30	30	33	34	34	35	36	40	42	42	43	48	50	51	50	55	58	59	61	62	68	73	75	82	82	86	94	90	101	108	94	120	117	133	218	238	303	358	351	510	561	544	573	546	534	699	531	593	763	702	995	990	835	999	806	739	583	446	352	286	186	154	119	113	131	125	105	113	111	127	120	98	89	93	94	85	65	60	68	67	55	44
64	170	1	2	119	0	1953125	12	0.0	0	0.58	0	0	V0.2	0	0	30	33	31	31	32	36	37	36	36	39	43	43	43	47	50	53	54	51	55	58	61	62	63	70	73	74	82	81	85	92	88	98	106	93	118	118	134	219	238	302	356	352	505	555	536	565	539	529	690	533	590	770	716	1000	995	844	998	807	733	577	438	345	280	181	149	116	110	129	123	104	111	109	125	118	97	87	91	91	83	64	58	65	66	55	43
64	170	1	2	119	0	1953125	12	0.0	0	0.58	0	0	V0.2	0	0	27	29	29	29	29	32	33	33	34	36	39	41	41	42	47	50	51	51	53	57	59	60	61	68	71	73	81	80	85	92	90	101	108	95	121	121	138	219	235	299	351	347	500	546	530	557	540	534	697	543	604	777	723	999	980	832	981	790	723	565	433	343	279	182	151	122	117	134	125	107	113	113	127	118	97	89	94	93	83	65	62	68	67	55	45
64	170	1	2	119	0	1953125	12	0.0	0	0.58	0	0	V0.2	0	0	29	31	30	30	31	34	34	33	34	37	40	40	40	42	46	46	46	47	49	52	52	53	53	58	62	60	65	61	61	67	63	75	82	68	94	95	113	194	210	277	331	329	486	530	515	546	526	526	689	525	601	771	717	1000	971	827	982	786	717	553	419	325	257	156	124	92	88	105	98	83	88	87	106	101	83	76	78	82	78	59	52	58	61	52	40
64	170	1	2	119	0	1953125	12	0.0	0	0.58	0	0	V0.2	0	0	26	28	27	25	28	32	32	30	30	35	37	38	37	40	43	47	44	44	48	52	52	51	53	59	63	62	68	66	68	75	71	81	91	78	104	100	119	202	219	284	335	334	495	541	525	555	538	540	704	535	610	775	718	1000	970	827	984	784	720	556	425	331	263	162	133	102	98	114	105	92	98	96	113	107	91	83	85	87	82	64	58	63	64	56	44
64	170	1	2	119	0	1953125	12	0.0	0	0.58	0	0	V0.2	0	0	28	31	31	31	31	34	36	36	35	38	43	44	42	43	48	53	51	51	54	57	59	61	61	68	72	74	82	81	85	92	87	98	106	94	118	118	135	218	236	300	354	349	505	550	534	562	536	528	690	527	592	765	715	1000	987	841	998	801	736	572	439	345	278	181	148	115	111	130	122	104	111	110	126	118	96	88	92	92	83	63	59	67	66	54	44
64	170	1	2	119	0	1953125	12	0.0	0	0.58	0	0	V0.2	0	0	27	29	30	29	29	32	35	35	35	35	41	42	42	43	47	51	52	51	54	57	59	61	62	68	72	74	82	81	85	91	88	99	106	94	120	119	136	219	241	305	358	350	504	550	536	561	530	522	683	527	585	758	713	999	994	855	999	809	738	578	442	347	280	182	150	116	113	131	125	106	113	112	128	120	98	89	93	93	84	64	60	68	67	55	44
64	170	1	2	119	0	1953125	12	0.0	0	0.58	0	0	V0.2	0	0	28	31	32	31	31	34	37	36	36	39	42	44	44	45	49	54	54	52	54	58	61	62	62	69	73	75	82	81	85	93	90	99	106	94	120	118	133	217	236	303	356	349	505	555	542	572	544	531	695	533	596	765	704	999	989	841	999	803	735	578	443	350	285	184	153	117	111	130	124	105	111	109	125	119	97	87	91	92	84	64	58	66	66	54	43
64	170	1	2	119	0	1953125	12	0.0	0	0.58	0	0	V0.2	0	0	25	28	29	28	28	32	34	33	32	35	39	41	40	41	46	51	50	50	52	56	59	59	59	66	71	72	79	78	83	92	88	97	105	94	120	119	135	217	235	300	350	344	494	539	521	548	522	517	678	521	591	766	715	1000	975	839	982	789	723	565	431	338	273	177	148	117	112	129	123	107	114	111	126	119	98	90	92	90	83	65	60	67	66	55	45
64	170	1	2	119	0	1953125	12	0.0	0	0.58	0	0	V0.2	0	0	29	31	30	30	32	34	35	33	35	38	40	39	39	42	46	47	46	45	49	52	52	53	54	59	62	59	65	61	61	67	63	73	81	68	94	95	113	196	215	282	333	333	486	532	518	547	523	521	675	523	592	764	721	1000	984	848	990	800	725	563	426	326	258	157	125	93	86	104	99	85	89	89	107	102	86	77	79	82	78	61	52	57	61	54	41
64	170	1	2	119	0	1953125	12	0.0	0	0.58	0	0	V0.2	0	0	25	26	27	26	28	30	31	31	32	34	37	38	38	40	43	46	45	46	49	52	52	53	54	59	63	62	68	65	66	73	71	81	88	76	101	103	122	204	222	287	341	341	495	539	522	547	526	525	681	526	587	770	730	1000	987	844	990	806	726	563	424	327	261	160	128	99	96	113	106	91	97	99	116	110	91	83	87	89	82	64	57	65	66	55	43
64	170	1	2	119	0	1953125	12	0.0	0	0.58	0	0	V0.2	0	0	29	31	32	31	31	33	36	37	36	38	42	44	43	44	49	52	53	52	54	58	61	63	62	68	73	74	82	80	83	92	89	100	106	94	118	119	137	218	235	297	352	351	505	552	536	565	547	544	703	545	604	776	725	1000	986	838	996	804	734	573	442	348	283	184	151	121	117	132	123	104	112	112	126	116	95	88	94	92	82	63	60	68	65	53	44
64	170	1	2	119	0	1953125	12	0.0	0	0.58	0	0	V0.2	0	0	26	28	29	28	28	31	33	33	32	35	38	40	40	42	47	51	51	51	54	56	59	61	62	69	73	76	85	84	89	97	94	105	113	103	127	126	144	226	244	305	359	352	502	550	530	556	536	525	688	537	595	774	724	1000	986	838	984	794	722	566	433	344	280	186	156	125	121	138	132	111	119	117	131	123	100	91	95	95	84	66	62	71	68	55	46
64	170	1	2	119	0	1953125	12	0.0	0	0.58	0	0	V0.2	0	0	29	31	29	30	31	33	34	33	33	37	39	40	39	41	44	47	47	46	48	51	52	53	53	58	61	59	65	61	60	65	63	73	81	68	94	94	112	195	215	280	332	326	480	529	513	541	517	508	674	522	585	765	715	1000	989	837	984	788	713	554	414	320	253	154	121	90	85	105	99	85	88	88	107	103	85	75	77	82	78	60	50	56	60	53	40
64	170	1	2	119	0	1953125	12	0.0	0	0.58	0	0	V0.2	0	0	26	29	27	26	29	32	33	32	32	36	39	40	38	41	45	48	47	46	50	53	54	54	55	61	65	63	69	67	70	76	72	82	91	79	106	104	120	204	225	291	339	331	484	532	518	545	520	512	679	531	592	768	718	1000	986	841	980	786	710	556	419	325	259	162	131	100	96	115	110	95	99	98	115	110	93	83	85	87	82	64	56	61	64	55	43
64	170	1	2	119	0	1953125	12	0.0	0	0.58	0	0	V0.2	0	0	29	30	30	30	31	33	34	34	34	37	39	40	39	41	44	45	46	45	48	51	52	53	53	57	61	60	64	61	60	66	63	73	81	68	94	96	114	195	211	278	328	323	472	518	505	535	516	515	679	535	600	773	726	1000	973	830	964	775	701	544	409	314	251	154	121	93	88	106	99	85	88	88	105	101	84	74	77	81	77	59	51	58	60	53	40
64	170	1	2	119	0	1953125	12	0.0	0	0.58	0	0	V0.2	0	0	25	26	27	27	29	30	31	31	32	34	37	39	37	39	43	44	46	46	48	51	52	53	54	59	63	61	68	65	67	74	71	81	90	78	103	103	121	201	218	283	334	332	482	527	514	545	528	525	688	539	611	778	725	1000	974	833	976	780	712	549	418	325	259	163	130	102	98	114	107	92	98	97	114	108	91	82	85	88	82	63	57	64	65	55	43
64	170	1	2	119	0	1953125	12	0.0	0	0.58	0	0	V0.2	0	0	29	32	32	30	31	34	36	35	35	37	42	43	42	44	49	52	53	51	55	57	59	61	61	68	71	73	80	79	84	90	87	97	105	94	119	120	137	219	238	300	351	343	492	540	524	551	529	522	683	538	600	770	724	1000	982	843	978	787	717	560	427	335	272	177	147	115	111	128	123	106	110	109	124	117	96	87	90	91	83	64	58	66	66	54	43
64	170	1	2	119	0	1953125	12	0.0	0	0.58	0	0	V0.2	0	0	27	28	29	29	30	32	34	35	34	36	40	41	42	43	47	50	51	51	54	56	59	60	61	67	70	72	81	79	82	89	86	97	105	92	117	118	134	218	236	300	351	344	495	542	522	547	519	507	672	522	578	767	718	1000	993	842	987	796	718	565	425	336	271	174	144	114	110	128	122	103	111	111	125	118	96	87	91	91	82	63	58	66	66	54	42
64	170	1	2	119	0	1953125	12	0.0	0	0.58	0	0	V0.2	0	0	30	31	29	29	31	34	35	34	34	37	39	40	39	41	45	46	45	45	48	51	52	53	53	58	62	59	64	60	60	66	62	72	81	68	93	97	114	195	213	279	330	328	476	521	506	536	515	513	672	529	592	772	732	1000	976	836	972	787	707	547	410	314	250	153	121	91	87	104	99	85	88	88	106	101	84	74	78	82	77	59	51	57	60	52	40
64	170	1	2	119	0	1953125	12	0.0	0	0.58	0	0	V0.2	0	0	27	28	27	27	29	32	32	31	32	36	38	39	38	40	45	47	47	46	50	52	54	53	55	61	64	63	69	67	69	75	72	82	91	79	103	105	123	205	221	285	336	335	483	532	513	542	527	525	685	539	601	777	730	1000	978	834	973	787	711	554	418	324	259	163	133	103	98	115	109	94	99	99	114	109	91	83	85	88	81	63	57	62	64	55	43
64	170	1	2	119	0	1953125	12	0.0	0	0.58	0	0	V0.2	0	0	29	30	30	29	32	34	34	33	33	37	39	39	39	42	45	45	45	46	49	52	51	53	54	58	61	58	63	60	59	65	63	72	81	69	94	97	115	196	214	278	327	323	472	517	504	531	514	511	673	535	598	775	734	999	978	836	967	775	698	538	405	311	247	152	120	91	87	104	99	85	88	88	106	101	85	74	77	81	78	60	51	56	60	52	40
64	170	1	2	119	0	1953125	12	0.0	0	0.58	0	0	V0.2	0	0	25	27	26	27	28	30	31	31	32	34	37	36	38	39	43	46	45	44	48	51	52	53	53	59	63	61	67	64	66	72	69	79	89	78	103	106	123	206	224	288	336	331	478	523	506	531	511	508	669	533	589	773	736	1000	986	842	970	783	700	545	409	314	250	156	126	97	95	111	107	92	97	97	114	109	91	81	84	87	81	64	57	63	65	55	43
64	170	1	2	119	0	1953125	12	0.0	0	0.58	0	0	V0.2	0	0	29	29	29	29	31	33	34	33	34	37	40	39	38	41	45	47	47	44	48	52	52	52	53	58	61	59	64	61	61	66	62	72	82	69	94	95	113	197	216	281	331	328	479	528	511	539	516	509	672	528	586	767	722	1000	992	842	981	789	711	554	416	320	253	154	122	91	87	105	100	85	90	89	107	103	86	76	78	82	79	60	52	58	61	54	40
64	170	1	2	119	0	1953125	12	0.0	0	0.58	0	0	V0.2	0	0	25	27	26	26	28	31	31	30	31	35	38	38	37	39	44	47	45	45	49	52	53	53	53	60	62	62	67	65	67	74	70	79	89	78	104	105	122	206	226	292	341	335	483	528	512	536	513	505	662	523	580	766	726	1000	991	854	985	796	710	551	413	318	254	157	127	96	94	111	108	94	98	98	115	110	92	82	84	88	82	64	56	62	65	56	44
64	170	1	2	119	0	1953125	12	0.0	0	0.58	0	0	V0.2	0	0	28	31	30	30	31	34	34	33	34	38	40	40	40	42	45	47	46	45	49	52	52	54	53	58	61	59	65	62	60	66	63	73	81	67	93	97	114	196	212	280	335	333	488	535	519	548	527	524	684	534	596	779	730	1000	983	839	986	802	715	556	417	323	258	156	123	92	88	105	99	84	89	89	107	101	84	76	79	82	77	59	52	59	61	53	40
